STATEFP,COUNTYFP,TRACTCE,BLKGRPCE,POPULATION,LATITUDE,LONGITUDE
05,001,480100,1,786,+34.493199,-091.317233
05,001,480100,2,649,+34.335332,-091.166447
05,001,480200,1,1016,+34.403587,-091.492567
05,001,480200,2,627,+34.406173,-091.682012
05,001,480300,1,1675,+34.485601,-091.535887
05,001,480300,2,643,+34.504138,-091.539714
05,001,480300,3,811,+34.495304,-091.544614
05,001,480400,1,889,+34.510460,-091.552786
05,001,480400,2,921,+34.517945,-091.559523
05,001,480400,3,708,+34.501949,-091.559740
05,001,480500,1,1342,+34.489944,-091.561569
05,001,480500,2,1189,+34.485252,-091.555510
05,001,480500,3,718,+34.487993,-091.560452
05,001,480500,4,902,+34.491617,-091.550395
05,001,480600,1,677,+34.308614,-091.353731
05,001,480600,2,1070,+34.282678,-091.348690
05,001,480700,1,912,+34.280451,-091.321685
05,001,480700,2,1064,+34.321060,-091.324496
05,001,480700,3,996,+34.293975,-091.331954
05,001,480800,1,724,+34.138006,-091.330985
05,001,480800,2,700,+34.119276,-091.380218
05,003,960100,1,427,+33.305607,-091.499007
05,003,960100,2,762,+33.265410,-091.671825
05,003,960100,3,739,+33.199199,-091.523224
05,003,960200,1,1205,+33.340894,-091.852652
05,003,960200,2,1489,+33.249646,-091.930174
05,003,960300,1,769,+33.244817,-091.787278
05,003,960300,2,791,+33.241321,-091.810261
05,003,960300,3,2256,+33.201978,-091.847768
05,003,960300,4,1166,+33.217040,-091.789932
05,003,960400,1,1179,+33.080230,-091.849598
05,003,960400,2,622,+33.056065,-091.575500
05,003,960500,1,993,+33.165414,-091.947954
05,003,960500,2,616,+33.173908,-091.932861
05,003,960500,3,1135,+33.159255,-091.936520
05,003,960600,1,1000,+33.127583,-091.956593
05,003,960600,2,1242,+33.135693,-091.968810
05,003,960600,3,1234,+33.121554,-091.974336
05,003,960600,4,1194,+33.107245,-091.958125
05,003,960600,5,1123,+33.120103,-091.952431
05,003,960700,1,820,+33.160761,-092.025664
05,003,960700,2,1091,+33.134792,-091.991417
05,005,950100,1,841,+36.319441,-092.393986
05,005,950100,2,914,+36.322294,-092.378694
05,005,950100,3,1724,+36.326335,-092.365926
05,005,950100,4,1201,+36.308010,-092.360459
05,005,950200,1,1075,+36.338560,-092.377035
05,005,950200,2,1457,+36.348157,-092.354719
05,005,950200,3,2117,+36.337518,-092.357711
05,005,950300,1,1425,+36.351929,-092.378163
05,005,950300,2,1745,+36.354730,-092.391570
05,005,950300,3,1751,+36.363860,-092.410760
05,005,950400,1,1457,+36.343948,-092.409965
05,005,950400,2,1828,+36.324766,-092.406688
05,005,950500,1,1160,+36.233966,-092.413048
05,005,950500,2,884,+36.132956,-092.326781
05,005,950500,3,1308,+36.257082,-092.284987
05,005,950500,4,1610,+36.207987,-092.231967
05,005,950600,1,2225,+36.289818,-092.337249
05,005,950600,2,944,+36.344275,-092.234260
05,005,950600,3,647,+36.357691,-092.316096
05,005,950700,1,1233,+36.378151,-092.337946
05,005,950700,2,911,+36.385160,-092.300227
05,005,950700,3,1301,+36.423001,-092.226324
05,005,950800,1,1830,+36.445670,-092.361203
05,005,950800,2,1875,+36.417762,-092.456820
05,005,950800,3,1075,+36.393081,-092.507707
05,005,950800,4,1317,+36.372109,-092.539427
05,005,950900,1,1537,+36.353016,-092.485933
05,005,950900,2,909,+36.275288,-092.528963
05,005,950900,3,1752,+36.280915,-092.495409
05,005,950900,4,1460,+36.295723,-092.473590
05,007,020101,1,1695,+36.476556,-093.989793
05,007,020101,2,1008,+36.447080,-094.111994
05,007,020101,3,1270,+36.458524,-094.115940
05,007,020101,4,1979,+36.465564,-094.116941
05,007,020102,1,1778,+36.381911,-094.146995
05,007,020102,2,1064,+36.431357,-094.132501
05,007,020102,3,1698,+36.419466,-094.097251
05,007,020102,4,1107,+36.395087,-094.105358
05,007,020201,1,980,+36.348578,-094.103192
05,007,020201,2,2241,+36.359013,-094.118649
05,007,020201,3,853,+36.336404,-094.121117
05,007,020203,1,1546,+36.332547,-094.075069
05,007,020203,2,1395,+36.330099,-094.108595
05,007,020205,1,2581,+36.317944,-094.111347
05,007,020205,2,3048,+36.304994,-094.092217
05,007,020206,1,1410,+36.309813,-094.122030
05,007,020206,2,2323,+36.308232,-094.108215
05,007,020206,3,2456,+36.295925,-094.114046
05,007,020301,1,1385,+36.347525,-094.130638
05,007,020301,2,1140,+36.337503,-094.132357
05,007,020301,3,1309,+36.342726,-094.138358
05,007,020302,1,1055,+36.346113,-094.150282
05,007,020302,2,1362,+36.338989,-094.148415
05,007,020302,3,1360,+36.338555,-094.164545
05,007,020304,1,941,+36.360055,-094.137782
05,007,020304,2,1495,+36.363821,-094.148619
05,007,020304,3,929,+36.365168,-094.165537
05,007,020305,1,2458,+36.346687,-094.162921
05,007,020305,2,1545,+36.343179,-094.174021
05,007,020401,1,1651,+36.330011,-094.152763
05,007,020401,2,2357,+36.322443,-094.165961
05,007,020401,3,2407,+36.320278,-094.150992
05,007,020402,1,1050,+36.329486,-094.135588
05,007,020402,2,1550,+36.322808,-094.135808
05,007,020402,3,1778,+36.315659,-094.136071
05,007,020404,1,2471,+36.300745,-094.138880
05,007,020404,2,1709,+36.305294,-094.131535
05,007,020405,1,1234,+36.303110,-094.155316
05,007,020405,2,1915,+36.291776,-094.175118
05,007,020501,1,896,+36.378187,-094.197566
05,007,020501,2,1208,+36.369046,-094.199512
05,007,020501,3,1255,+36.390726,-094.183171
05,007,020501,4,1714,+36.377272,-094.182234
05,007,020503,1,1085,+36.345508,-094.189443
05,007,020503,2,1246,+36.351627,-094.202990
05,007,020503,3,1714,+36.353108,-094.186876
05,007,020504,1,1464,+36.364584,-094.181655
05,007,020504,2,1682,+36.361128,-094.203656
05,007,020603,1,1680,+36.324329,-094.191935
05,007,020603,2,1381,+36.346667,-094.246645
05,007,020603,3,2458,+36.338174,-094.232461
05,007,020604,1,1768,+36.363545,-094.241937
05,007,020604,2,1103,+36.365868,-094.213874
05,007,020604,3,1183,+36.356752,-094.223999
05,007,020605,1,1116,+36.381357,-094.210426
05,007,020605,2,1124,+36.380841,-094.218395
05,007,020605,3,1911,+36.398746,-094.211916
05,007,020606,1,2437,+36.377271,-094.233290
05,007,020606,2,1582,+36.397237,-094.224398
05,007,020701,1,2312,+36.484127,-094.198705
05,007,020701,2,2673,+36.479824,-094.230080
05,007,020703,1,2461,+36.455415,-094.228250
05,007,020703,2,2120,+36.462169,-094.198791
05,007,020704,1,1745,+36.430456,-094.196279
05,007,020704,2,2189,+36.447777,-094.195477
05,007,020801,1,2031,+36.468749,-094.330014
05,007,020801,2,1951,+36.477899,-094.337024
05,007,020803,1,1483,+36.487724,-094.295560
05,007,020803,2,1410,+36.473396,-094.274645
05,007,020803,3,1250,+36.484791,-094.267121
05,007,020805,1,1395,+36.448427,-094.268830
05,007,020805,2,1838,+36.446690,-094.245728
05,007,020805,3,1334,+36.458150,-094.256036
05,007,020806,1,1096,+36.464089,-094.285493
05,007,020806,2,1426,+36.445464,-094.311259
05,007,020806,3,1960,+36.405135,-094.260910
05,007,020901,1,2408,+36.364463,-094.283100
05,007,020901,2,1140,+36.362995,-094.252977
05,007,020901,3,1661,+36.368612,-094.288538
05,007,020901,4,1630,+36.362021,-094.266008
05,007,020902,1,1419,+36.385831,-094.309372
05,007,020902,2,1798,+36.425550,-094.435845
05,007,020902,3,1232,+36.364804,-094.302860
05,007,020902,4,973,+36.403262,-094.368392
05,007,020902,5,1021,+36.360298,-094.382455
05,007,021001,1,895,+36.462698,-094.464290
05,007,021001,2,1544,+36.445507,-094.528091
05,007,021001,3,1272,+36.338645,-094.547450
05,007,021001,4,1456,+36.412537,-094.461064
05,007,021002,1,2054,+36.324223,-094.483468
05,007,021002,2,1415,+36.259026,-094.490837
05,007,021002,3,2307,+36.234497,-094.524982
05,007,021002,4,1171,+36.270663,-094.489020
05,007,021101,1,1008,+36.195854,-094.536237
05,007,021101,2,895,+36.186201,-094.537482
05,007,021101,3,1376,+36.201777,-094.525558
05,007,021101,4,1272,+36.187997,-094.521164
05,007,021102,1,1416,+36.166307,-094.524321
05,007,021102,2,1867,+36.169492,-094.537718
05,007,021201,1,3531,+36.191021,-094.554510
05,007,021201,2,708,+36.186013,-094.545305
05,007,021202,1,1694,+36.178740,-094.552519
05,007,021202,2,1422,+36.168462,-094.550041
05,007,021301,1,1338,+36.173868,-094.496657
05,007,021301,2,1554,+36.133459,-094.468667
05,007,021301,3,1726,+36.207040,-094.429777
05,007,021301,4,1900,+36.258504,-094.453792
05,007,021304,1,1394,+36.330715,-094.242888
05,007,021304,2,1804,+36.354123,-094.284310
05,007,021304,3,1399,+36.333903,-094.265667
05,007,021305,1,1242,+36.322608,-094.428147
05,007,021305,2,1474,+36.281828,-094.291720
05,007,021305,3,868,+36.313013,-094.331008
05,007,021305,4,643,+36.350428,-094.317412
05,007,021306,1,1196,+36.306328,-094.211494
05,007,021306,2,2316,+36.291691,-094.206143
05,007,021308,1,1394,+36.285619,-094.205155
05,007,021308,2,1685,+36.280818,-094.179298
05,007,021310,1,1681,+36.259866,-094.144695
05,007,021310,2,1603,+36.272124,-094.151692
05,007,021310,3,2391,+36.219293,-094.147567
05,007,021310,4,1707,+36.233401,-094.156011
05,007,021311,1,2504,+36.259039,-094.206022
05,007,021311,2,1891,+36.228190,-094.224674
05,007,021404,1,1266,+36.425605,-094.004177
05,007,021404,2,2210,+36.386404,-094.060940
05,007,021405,1,709,+36.448956,-093.912276
05,007,021405,2,1326,+36.385430,-093.950344
05,007,021406,1,3966,+36.243453,-094.121800
05,007,021406,2,1590,+36.262637,-094.127371
05,007,021407,1,1321,+36.279918,-094.065373
05,007,021407,2,1499,+36.342600,-094.052278
05,007,021407,3,1520,+36.318301,-094.030275
05,007,021408,1,1722,+36.218463,-094.104463
05,007,021408,2,1483,+36.235667,-094.039685
05,007,021408,3,1750,+36.221245,-094.119481
05,007,021409,1,1447,+36.327073,-093.959793
05,007,021409,2,1021,+36.271831,-093.961191
05,009,790100,1,2344,+36.456072,-093.180356
05,009,790100,2,2400,+36.291095,-093.112706
05,009,790100,3,2153,+36.340587,-093.219288
05,009,790200,1,1369,+36.421785,-092.947018
05,009,790200,2,809,+36.458211,-092.914753
05,009,790200,3,1513,+36.279320,-092.986959
05,009,790200,4,2258,+36.329281,-093.012513
05,009,790300,1,2128,+36.206450,-093.028874
05,009,790300,2,1501,+36.145593,-093.041319
05,009,790300,3,1719,+36.165886,-092.956803
05,009,790400,1,1750,+36.165138,-093.193503
05,009,790400,2,1983,+36.204636,-093.138422
05,009,790400,3,2286,+36.264017,-093.217009
05,009,790501,1,1620,+36.238485,-093.122689
05,009,790501,2,1298,+36.261110,-093.144235
05,009,790501,3,1143,+36.256857,-093.131322
05,009,790502,1,1340,+36.240822,-093.092930
05,009,790502,2,1309,+36.235889,-093.112202
05,009,790502,3,1349,+36.252545,-093.103843
05,009,790600,1,705,+36.218631,-093.084536
05,009,790600,2,1946,+36.226889,-093.130578
05,009,790600,3,877,+36.224020,-093.114671
05,009,790600,4,1103,+36.222634,-093.102824
05,011,950100,1,1279,+33.629626,-092.045496
05,011,950100,2,1220,+33.637763,-092.070997
05,011,950200,1,813,+33.638546,-092.103290
05,011,950200,2,1197,+33.615147,-092.099055
05,011,950300,1,645,+33.606695,-092.077300
05,011,950300,2,765,+33.562911,-092.099437
05,011,950300,3,792,+33.587493,-092.124594
05,011,950400,1,748,+33.600479,-092.064775
05,011,950400,2,1085,+33.600941,-092.044982
05,011,950500,1,1343,+33.442213,-092.168653
05,011,950500,2,923,+33.378530,-092.118795
05,011,950500,3,698,+33.546158,-092.262524
05,013,480100,1,1544,+33.622535,-092.402337
05,013,480100,2,1025,+33.533714,-092.458376
05,013,480200,1,1296,+33.533403,-092.614031
05,013,480200,2,642,+33.522153,-092.482826
05,013,480200,3,861,+33.741400,-092.538067
05,015,950100,1,1158,+36.407326,-093.744345
05,015,950100,2,1576,+36.389504,-093.729915
05,015,950200,1,778,+36.454674,-093.644943
05,015,950200,2,1892,+36.476905,-093.733324
05,015,950200,3,1924,+36.443368,-093.807895
05,015,950200,4,1400,+36.370337,-093.738773
05,015,950300,1,2274,+36.379625,-093.586921
05,015,950300,2,1628,+36.379768,-093.554217
05,015,950300,3,1936,+36.360784,-093.547505
05,015,950300,4,1151,+36.358187,-093.573064
05,015,950400,1,1260,+36.443380,-093.530872
05,015,950400,2,1447,+36.451142,-093.397263
05,015,950400,3,1552,+36.352099,-093.386037
05,015,950500,1,1412,+36.339939,-093.430332
05,015,950500,2,1962,+36.330309,-093.429165
05,015,950500,3,1667,+36.271599,-093.382244
05,015,950500,4,1154,+36.205290,-093.471384
05,015,950500,5,1275,+36.280981,-093.586605
05,017,080100,1,1462,+33.456622,-091.353916
05,017,080100,2,991,+33.195891,-091.344557
05,017,080100,3,1142,+33.304465,-091.221258
05,017,080200,1,976,+33.529443,-091.435775
05,017,080200,2,811,+33.517050,-091.440632
05,017,080200,3,606,+33.533809,-091.441195
05,017,080300,1,669,+33.330713,-091.284660
05,017,080300,2,1181,+33.312300,-091.284240
05,017,080300,3,1268,+33.344614,-091.286074
05,017,080400,1,1347,+33.123498,-091.262315
05,017,080400,2,691,+33.098789,-091.273642
05,017,080400,3,656,+33.102634,-091.251639
05,019,953601,1,815,+34.122927,-093.067475
05,019,953601,2,1403,+34.128554,-093.060696
05,019,953601,3,2432,+34.130499,-093.078148
05,019,953602,1,2368,+34.162054,-093.090092
05,019,953602,2,2075,+34.129607,-093.054538
05,019,953700,1,1278,+34.276522,-093.408856
05,019,953700,2,772,+34.236182,-093.430658
05,019,953700,3,837,+34.128748,-093.182837
05,019,953700,4,1535,+34.040466,-093.240619
05,019,953800,1,553,+34.117526,-093.052798
05,019,953800,2,672,+34.117278,-093.062615
05,019,953800,3,898,+34.116837,-093.074321
05,019,953800,4,1006,+34.110378,-093.068691
05,019,953800,5,879,+34.100671,-093.093803
05,019,953900,1,1250,+33.910548,-093.160048
05,019,953900,2,486,+33.913699,-093.151684
05,019,953900,3,879,+34.085466,-092.934939
05,019,953900,4,1256,+33.922092,-093.138110
05,019,953900,5,1601,+33.968625,-093.098749
05,021,950100,1,636,+36.268208,-090.187369
05,021,950100,2,783,+36.355442,-090.204949
05,021,950100,3,692,+36.447851,-090.182501
05,021,950200,1,581,+36.291232,-090.395376
05,021,950200,2,969,+36.405463,-090.388522
05,021,950200,3,754,+36.389595,-090.278021
05,021,950300,1,829,+36.425909,-090.693994
05,021,950300,2,691,+36.313333,-090.610347
05,021,950300,3,684,+36.451708,-090.571078
05,021,950400,1,725,+36.406312,-090.577462
05,021,950400,2,920,+36.405590,-090.592364
05,021,950400,3,876,+36.415332,-090.595755
05,021,950400,4,855,+36.415325,-090.581875
05,021,950500,1,1133,+36.264693,-090.287664
05,021,950500,2,1021,+36.265822,-090.299006
05,021,950600,1,1310,+36.388853,-090.194563
05,021,950600,2,868,+36.383297,-090.208639
05,021,950600,3,776,+36.378564,-090.195961
05,021,950600,4,980,+36.382510,-090.182253
05,023,480100,1,1411,+35.589438,-091.923541
05,023,480100,2,1305,+35.651997,-091.833957
05,023,480100,3,1582,+35.475558,-091.894920
05,023,480201,1,1492,+35.615671,-092.173262
05,023,480202,1,934,+35.658411,-092.018192
05,023,480202,2,1186,+35.560550,-091.984678
05,023,480202,3,708,+35.560295,-092.167487
05,023,480202,4,941,+35.575699,-092.084670
05,023,480300,1,2263,+35.504897,-092.001459
05,023,480300,2,690,+35.519911,-092.031580
05,023,480300,3,954,+35.504129,-092.037201
05,023,480300,4,606,+35.496104,-092.042619
05,023,480300,5,780,+35.496514,-092.030153
05,023,480400,1,1192,+35.467075,-091.967152
05,023,480400,2,1735,+35.489224,-092.047481
05,023,480400,3,688,+35.496602,-092.092208
05,023,480400,4,828,+35.475867,-092.046160
05,023,480501,1,2218,+35.411201,-091.997448
05,023,480501,2,827,+35.412024,-092.083052
05,023,480502,1,1412,+35.384604,-092.204728
05,023,480502,2,976,+35.440034,-092.146342
05,023,480502,3,1242,+35.517178,-092.207958
05,025,970100,1,1506,+33.988730,-092.026817
05,025,970100,2,1533,+34.006447,-092.133266
05,025,970100,3,874,+33.946604,-092.187867
05,025,970100,4,982,+34.004052,-092.265142
05,025,970200,1,1184,+33.763288,-092.050271
05,025,970200,2,685,+33.772085,-092.230714
05,025,970200,3,897,+33.857831,-092.299163
05,025,970200,4,1028,+33.878437,-092.052425
05,027,950100,1,650,+33.278660,-093.047983
05,027,950100,2,1820,+33.265114,-093.179784
05,027,950100,3,1789,+33.127606,-093.168974
05,027,950200,1,2896,+33.330070,-093.237853
05,027,950200,2,1905,+33.378863,-093.257852
05,027,950300,1,1541,+33.212192,-093.288802
05,027,950300,2,3547,+33.161554,-093.382069
05,027,950400,1,2416,+33.277978,-093.240423
05,027,950400,2,4079,+33.286269,-093.227125
05,027,950500,1,1935,+33.260966,-093.247471
05,027,950500,2,1974,+33.264290,-093.226990
05,029,950100,1,1659,+35.332071,-092.543722
05,029,950100,2,1707,+35.362998,-092.616906
05,029,950100,3,1975,+35.218717,-092.632865
05,029,950200,1,1118,+35.389271,-092.786875
05,029,950200,2,991,+35.228619,-092.724346
05,029,950200,3,1322,+35.307282,-092.750430
05,029,950300,1,3081,+35.174664,-092.748045
05,029,950300,2,2432,+35.157755,-092.740631
05,029,950400,1,1033,+35.150335,-092.757263
05,029,950400,2,1203,+35.145789,-092.732955
05,029,950500,1,1622,+35.157280,-092.610555
05,029,950500,2,1072,+35.160475,-092.687970
05,029,950600,1,698,+35.119326,-092.907904
05,029,950600,2,1360,+35.095121,-092.774056
05,031,000101,1,1390,+35.832140,-090.711053
05,031,000101,2,1004,+35.831721,-090.699743
05,031,000101,3,1643,+35.838843,-090.706293
05,031,000102,1,1221,+35.825533,-090.698548
05,031,000102,2,1257,+35.830077,-090.674106
05,031,000102,3,1123,+35.830523,-090.686409
05,031,000200,1,1247,+35.837737,-090.727041
05,031,000200,2,1465,+35.831942,-090.729365
05,031,000200,3,1074,+35.834606,-090.719449
05,031,000300,1,1221,+35.812927,-090.707770
05,031,000300,2,1208,+35.815985,-090.716886
05,031,000300,3,988,+35.819843,-090.728126
05,031,000300,4,607,+35.826199,-090.735466
05,031,000300,5,814,+35.826639,-090.728229
05,031,000300,6,882,+35.824576,-090.719530
05,031,000300,7,796,+35.823699,-090.712014
05,031,000401,1,726,+35.810918,-090.657546
05,031,000401,2,3556,+35.767687,-090.661812
05,031,000401,3,1113,+35.815735,-090.652839
05,031,000402,1,1204,+35.814877,-090.690875
05,031,000402,2,1806,+35.785428,-090.678669
05,031,000402,3,1649,+35.816271,-090.663903
05,031,000402,4,3496,+35.798583,-090.679573
05,031,000501,1,3468,+35.879333,-090.635083
05,031,000501,2,2671,+35.855446,-090.635876
05,031,000502,1,1332,+35.821457,-090.621073
05,031,000502,2,2268,+35.845157,-090.648345
05,031,000502,3,960,+35.825192,-090.660071
05,031,000601,1,1737,+35.890489,-090.685622
05,031,000601,2,2260,+35.858682,-090.681168
05,031,000601,3,1749,+35.856808,-090.699140
05,031,000602,1,674,+35.846609,-090.699350
05,031,000602,2,1656,+35.846841,-090.687364
05,031,000602,3,898,+35.847946,-090.680539
05,031,000602,4,2922,+35.843847,-090.676531
05,031,000700,1,1202,+35.862780,-090.706493
05,031,000700,2,911,+35.851482,-090.724439
05,031,000700,3,1548,+35.896823,-090.740108
05,031,000700,4,1411,+35.856768,-090.797926
05,031,000700,5,2509,+35.869991,-090.741977
05,031,000801,1,4405,+35.797397,-090.752710
05,031,000801,2,1734,+35.813034,-090.739100
05,031,000802,1,3039,+35.797482,-090.702509
05,031,000802,2,2376,+35.779855,-090.728534
05,031,000802,3,1683,+35.779733,-090.696798
05,031,000900,1,1193,+35.734203,-090.611688
05,031,000900,2,1455,+35.742200,-090.555003
05,031,000900,3,1271,+35.819338,-090.459572
05,031,000900,4,1489,+35.798499,-090.442912
05,031,001000,1,626,+35.911988,-090.343329
05,031,001000,2,1333,+35.891667,-090.345147
05,031,001000,3,998,+35.804890,-090.350767
05,031,001000,4,1348,+35.758240,-090.322106
05,031,001100,1,743,+35.885427,-090.488040
05,031,001100,2,1934,+35.939670,-090.596798
05,031,001100,3,2210,+35.907521,-090.581776
05,031,001100,4,2105,+35.943121,-090.685275
05,031,001200,1,726,+35.918532,-090.833324
05,031,001200,2,2945,+35.907929,-090.791474
05,031,001200,3,1164,+35.793547,-090.879400
05,033,020100,1,1177,+35.651764,-094.136301
05,033,020100,2,1862,+35.662278,-094.187246
05,033,020100,3,2917,+35.579551,-094.152452
05,033,020201,1,959,+35.662689,-094.367262
05,033,020201,2,2601,+35.575896,-094.408818
05,033,020201,3,2560,+35.579979,-094.308918
05,033,020203,1,3692,+35.490668,-094.393538
05,033,020203,2,3913,+35.471925,-094.369048
05,033,020204,1,3155,+35.485116,-094.337950
05,033,020204,2,1945,+35.486732,-094.297790
05,033,020301,1,1669,+35.450380,-094.351677
05,033,020301,2,1828,+35.452282,-094.336271
05,033,020301,3,867,+35.443791,-094.343493
05,033,020302,1,2433,+35.454220,-094.371082
05,033,020302,2,1818,+35.453247,-094.362170
05,033,020401,1,944,+35.445949,-094.244851
05,033,020401,2,1456,+35.453551,-094.273856
05,033,020401,3,1140,+35.410016,-094.278020
05,033,020401,4,1448,+35.422253,-094.223151
05,033,020402,1,1837,+35.528732,-094.065495
05,033,020402,2,2090,+35.501196,-094.155138
05,033,020402,3,849,+35.499101,-094.068286
05,033,020501,1,1228,+35.415333,-094.314385
05,033,020501,2,2887,+35.431863,-094.311576
05,033,020502,1,616,+35.451415,-094.303034
05,033,020502,2,2060,+35.447662,-094.329329
05,033,020502,3,738,+35.437462,-094.345917
05,033,020502,4,1433,+35.433936,-094.342549
05,033,020600,1,1262,+35.548836,-094.215224
05,033,020600,2,1490,+35.524081,-094.229167
05,033,020600,3,3169,+35.500814,-094.231862
05,033,020600,4,1635,+35.488752,-094.219929
05,033,020600,5,1067,+35.475008,-094.203111
05,033,020600,6,1203,+35.476367,-094.213913
05,035,030101,1,1354,+35.150520,-090.147562
05,035,030101,2,1136,+35.151287,-090.155197
05,035,030102,1,961,+35.156847,-090.167775
05,035,030102,2,921,+35.152093,-090.171718
05,035,030102,3,1393,+35.152130,-090.162724
05,035,030201,1,974,+35.165247,-090.194355
05,035,030201,2,976,+35.161853,-090.197781
05,035,030201,3,1074,+35.154843,-090.197356
05,035,030201,4,1454,+35.151752,-090.188401
05,035,030201,5,648,+35.159148,-090.189146
05,035,030202,1,1077,+35.160696,-090.206874
05,035,030202,2,945,+35.153129,-090.207794
05,035,030202,3,1135,+35.154488,-090.216230
05,035,030301,1,883,+35.140372,-090.195809
05,035,030301,2,2402,+35.138142,-090.203015
05,035,030302,1,2606,+35.135683,-090.189564
05,035,030501,1,1006,+35.141257,-090.161205
05,035,030502,1,1090,+35.141540,-090.153916
05,035,030600,1,1682,+35.143614,-090.143000
05,035,030600,2,578,+34.921483,-090.314929
05,035,030600,3,1623,+35.094491,-090.237243
05,035,030600,4,992,+35.077332,-090.324863
05,035,030701,1,566,+35.302276,-090.337305
05,035,030701,2,624,+35.399236,-090.329878
05,035,030702,1,1079,+35.229015,-090.218341
05,035,030703,1,2285,+35.181186,-090.203309
05,035,030803,1,1963,+35.189638,-090.182982
05,035,030804,1,1914,+35.195188,-090.210982
05,035,030804,2,1035,+35.199913,-090.194629
05,035,030805,1,1830,+35.207921,-090.209488
05,035,030805,2,1644,+35.208203,-090.200857
05,035,030806,1,2043,+35.213741,-090.175568
05,035,030806,2,1501,+35.212546,-090.189565
05,035,030807,1,1714,+35.313677,-090.225683
05,035,031000,1,613,+35.172444,-090.382692
05,035,031000,2,793,+35.228133,-090.334712
05,035,031100,1,593,+35.279035,-090.472747
05,035,031100,2,808,+35.272148,-090.465371
05,035,031100,3,704,+35.267742,-090.454420
05,035,031100,4,693,+35.261954,-090.456154
05,035,031200,1,725,+35.143010,-090.170093
05,035,031200,2,865,+35.138225,-090.170517
05,037,950100,1,1454,+35.267045,-090.560384
05,037,950200,1,920,+35.406592,-090.747629
05,037,950200,2,838,+35.375723,-090.739415
05,037,950200,3,1542,+35.292035,-090.763902
05,037,950300,1,687,+35.380111,-090.974960
05,037,950300,2,857,+35.232674,-090.948308
05,037,950400,1,642,+35.199297,-090.844827
05,037,950400,2,1151,+35.180514,-090.774598
05,037,950400,3,903,+35.211098,-090.731260
05,037,950500,1,959,+35.230529,-090.790400
05,037,950500,2,1147,+35.233493,-090.797076
05,037,950500,3,1147,+35.223123,-090.805295
05,037,950500,4,558,+35.219811,-090.790643
05,037,950500,5,1076,+35.209914,-090.792845
05,037,950600,1,1453,+35.217713,-090.777185
05,037,950600,2,1456,+35.239551,-090.769712
05,037,950600,3,1080,+35.227096,-090.775569
05,039,970100,1,651,+33.887761,-092.449612
05,039,970100,2,913,+34.072438,-092.636546
05,039,970200,1,800,+33.886398,-092.820210
05,039,970200,2,1087,+33.905632,-092.738862
05,039,970300,1,912,+33.817999,-092.435618
05,039,970300,2,622,+33.820631,-092.418253
05,039,970300,3,1021,+33.809031,-092.428068
05,039,970300,4,923,+33.824882,-092.403088
05,039,970300,5,1187,+33.808840,-092.403628
05,041,950100,1,424,+33.941976,-091.237444
05,041,950100,2,683,+33.820964,-091.278942
05,041,950100,3,421,+33.612249,-091.207709
05,041,950200,1,1798,+33.866603,-091.456175
05,041,950200,2,882,+33.898672,-091.494852
05,041,950200,3,878,+33.887065,-091.482711
05,041,950200,4,1052,+33.908882,-091.457167
05,041,950300,1,598,+33.875926,-091.501182
05,041,950300,2,1146,+33.890386,-091.503983
05,041,950400,1,1045,+33.608848,-091.356826
05,041,950400,2,884,+33.621579,-091.393286
05,041,950400,3,1137,+33.615690,-091.397348
05,041,950500,1,761,+33.653072,-091.400375
05,041,950500,2,1299,+33.643195,-091.413396
05,043,490100,1,604,+33.611011,-091.561717
05,043,490100,2,583,+33.516769,-091.617004
05,043,490100,3,1193,+33.729269,-091.603850
05,043,490200,1,686,+33.643051,-091.737812
05,043,490200,2,1139,+33.651326,-091.776902
05,043,490200,3,776,+33.634604,-091.785930
05,043,490300,1,1721,+33.593008,-091.813160
05,043,490300,2,1641,+33.642507,-091.816367
05,043,490300,3,837,+33.622191,-091.796251
05,043,490300,4,1170,+33.645251,-091.793900
05,043,490300,5,745,+33.631797,-091.794680
05,043,490400,1,1193,+33.592163,-091.756908
05,043,490400,2,1162,+33.624501,-091.782253
05,043,490400,3,977,+33.617480,-091.782839
05,043,490500,1,900,+33.577851,-091.899987
05,043,490500,2,801,+33.463155,-091.835901
05,043,490500,3,1766,+33.716408,-091.845577
05,043,490500,4,615,+33.624057,-091.932360
05,045,030101,1,974,+35.321875,-092.431005
05,045,030101,2,2148,+35.312723,-092.357884
05,045,030102,1,1215,+35.240596,-092.369517
05,045,030102,2,2194,+35.215819,-092.369398
05,045,030102,3,1389,+35.183166,-092.370269
05,045,030103,1,1640,+35.204207,-092.416402
05,045,030103,2,1656,+35.180031,-092.441102
05,045,030104,1,1607,+35.256185,-092.414285
05,045,030104,2,3265,+35.226315,-092.437152
05,045,030200,1,1506,+35.277872,-092.167307
05,045,030200,2,3188,+35.257168,-092.268591
05,045,030200,3,1358,+35.145384,-092.195869
05,045,030301,1,1410,+35.084056,-092.284373
05,045,030301,2,1253,+35.093516,-092.325396
05,045,030301,3,2515,+35.072143,-092.355050
05,045,030302,1,1915,+35.088325,-092.166947
05,045,030302,2,3707,+35.078701,-092.222416
05,045,030303,1,3025,+35.035036,-092.225240
05,045,030303,2,1362,+34.977586,-092.279039
05,045,030401,1,1719,+35.131251,-092.424884
05,045,030401,2,541,+35.131473,-092.470800
05,045,030402,1,1045,+35.134748,-092.333188
05,045,030402,2,2512,+35.109176,-092.352230
05,045,030403,1,1313,+35.097254,-092.388030
05,045,030403,2,2060,+35.098600,-092.412884
05,045,030404,1,1332,+35.080885,-092.408531
05,045,030404,2,1282,+35.080192,-092.396342
05,045,030501,1,3042,+35.103569,-092.486455
05,045,030501,2,6020,+35.094395,-092.509218
05,045,030501,3,1788,+35.109898,-092.484468
05,045,030502,1,2585,+35.106540,-092.451767
05,045,030502,2,1830,+35.112014,-092.455376
05,045,030600,1,2279,+35.096671,-092.483766
05,045,030600,2,1686,+35.100947,-092.466790
05,045,030600,3,1367,+35.099070,-092.457344
05,045,030701,1,1860,+35.097852,-092.448269
05,045,030701,2,1931,+35.097356,-092.436841
05,045,030702,1,1761,+35.087550,-092.429243
05,045,030702,2,1304,+35.086051,-092.444392
05,045,030702,3,991,+35.084893,-092.451268
05,045,030800,1,944,+35.082029,-092.467686
05,045,030800,2,1038,+35.085290,-092.458891
05,045,030800,3,1457,+35.078874,-092.458203
05,045,030800,4,1022,+35.089099,-092.473903
05,045,030800,5,1033,+35.073780,-092.470051
05,045,030900,1,1386,+35.075279,-092.451596
05,045,030900,2,1240,+35.074528,-092.445516
05,045,030900,3,1015,+35.076514,-092.432860
05,045,031001,1,1541,+35.082978,-092.496766
05,045,031001,2,2457,+35.080416,-092.479643
05,045,031003,1,1634,+35.065209,-092.471944
05,045,031003,2,635,+35.061457,-092.499403
05,045,031005,1,1336,+35.026874,-092.469128
05,045,031005,2,5267,+35.059421,-092.463099
05,045,031006,1,1810,+35.062370,-092.448611
05,045,031006,2,1935,+35.042835,-092.433573
05,045,031101,1,2042,+35.039076,-092.385250
05,045,031101,2,2761,+34.990395,-092.395814
05,045,031102,1,3038,+34.957765,-092.469856
05,045,031102,2,2071,+34.989977,-092.435970
05,047,950100,1,1357,+35.607943,-093.806351
05,047,950100,2,1448,+35.582677,-093.942642
05,047,950100,3,1027,+35.500016,-093.961231
05,047,950200,1,1520,+35.498551,-093.771004
05,047,950200,2,833,+35.498541,-093.823768
05,047,950200,3,1538,+35.494018,-093.860722
05,047,950200,4,2036,+35.437879,-093.761323
05,047,950200,5,1379,+35.491018,-093.834086
05,047,950300,1,2379,+35.402781,-093.853997
05,047,950300,2,920,+35.382500,-094.014570
05,047,950300,3,763,+35.296197,-093.946934
05,047,950300,4,1388,+35.295837,-094.023651
05,047,950300,5,1537,+35.296121,-094.048104
05,049,550100,1,946,+36.433863,-091.682708
05,049,550100,2,1306,+36.289220,-091.707067
05,049,550100,3,1198,+36.410943,-091.500443
05,049,550100,4,1185,+36.287721,-091.588183
05,049,550100,5,695,+36.493215,-091.552905
05,049,550100,6,628,+36.487006,-091.540525
05,049,550200,1,896,+36.299316,-091.898975
05,049,550200,2,1090,+36.432223,-091.904147
05,049,550200,3,936,+36.340293,-092.074137
05,049,550200,4,921,+36.422201,-092.044492
05,049,550200,5,1067,+36.358350,-091.811831
05,049,550200,6,1377,+36.373775,-091.836745
05,051,010300,1,1527,+34.579029,-093.163046
05,051,010300,2,2109,+34.526209,-093.234734
05,051,010300,3,2091,+34.528648,-093.168309
05,051,010400,1,1459,+34.599165,-093.090695
05,051,010400,2,860,+34.538290,-093.115805
05,051,010400,3,1249,+34.576667,-093.010275
05,051,010400,4,2231,+34.612331,-092.985581
05,051,010400,5,1317,+34.625417,-092.912791
05,051,010500,1,2115,+34.546613,-092.938792
05,051,010500,2,1363,+34.498310,-092.921145
05,051,010500,3,2487,+34.451921,-092.951876
05,051,010600,1,1597,+34.528614,-093.008962
05,051,010600,2,1011,+34.510622,-093.033535
05,051,010600,3,677,+34.512318,-093.045469
05,051,010600,4,490,+34.505735,-093.042856
05,051,010700,1,503,+34.533942,-093.045838
05,051,010700,2,639,+34.530008,-093.052986
05,051,010700,3,851,+34.524104,-093.049269
05,051,010800,1,1144,+34.520553,-093.066796
05,051,010800,2,605,+34.512273,-093.064261
05,051,010800,3,935,+34.504662,-093.062343
05,051,010900,1,796,+34.497591,-093.096224
05,051,010900,2,1008,+34.487821,-093.112046
05,051,010900,3,898,+34.496349,-093.081041
05,051,010900,4,628,+34.499703,-093.075204
05,051,011000,1,1617,+34.511395,-093.128096
05,051,011000,2,1978,+34.499745,-093.146828
05,051,011000,3,1384,+34.487446,-093.142755
05,051,011100,1,2814,+34.485828,-093.259254
05,051,011100,2,2181,+34.436029,-093.281728
05,051,011100,3,1115,+34.461538,-093.199404
05,051,011100,4,2689,+34.419893,-093.194118
05,051,011200,1,1224,+34.474841,-093.139991
05,051,011200,2,811,+34.459264,-093.167647
05,051,011200,3,2137,+34.446313,-093.131578
05,051,011200,4,1462,+34.462702,-093.132719
05,051,011200,5,2000,+34.439136,-093.158568
05,051,011300,1,1013,+34.487526,-093.061929
05,051,011300,2,1010,+34.484910,-093.067904
05,051,011300,3,1391,+34.478545,-093.092976
05,051,011300,4,1267,+34.477051,-093.069357
05,051,011400,1,876,+34.498897,-093.060217
05,051,011400,2,1244,+34.497077,-093.067242
05,051,011400,3,1469,+34.492203,-093.076423
05,051,011500,1,1451,+34.500889,-093.054103
05,051,011500,2,755,+34.499488,-093.041514
05,051,011601,1,949,+34.495194,-093.031783
05,051,011601,2,2290,+34.488131,-093.006717
05,051,011601,3,1528,+34.487192,-093.034489
05,051,011601,4,1074,+34.475290,-093.010707
05,051,011602,1,2469,+34.461084,-093.036207
05,051,011602,2,2580,+34.459861,-093.001741
05,051,011700,1,1334,+34.484999,-093.052142
05,051,011700,2,1210,+34.446581,-093.068684
05,051,011700,3,1636,+34.463720,-093.053724
05,051,011800,1,926,+34.460558,-093.068425
05,051,011800,2,965,+34.464832,-093.085859
05,051,011800,3,847,+34.461813,-093.103782
05,051,011800,4,1525,+34.449466,-093.092961
05,051,011900,1,1673,+34.426909,-093.124653
05,051,011900,2,2042,+34.422293,-093.090533
05,051,011900,3,1113,+34.417374,-093.049856
05,051,011900,4,1066,+34.416756,-093.032461
05,051,012001,1,1738,+34.687317,-093.180619
05,051,012001,2,1240,+34.698933,-093.017261
05,051,012001,3,1107,+34.676057,-093.040114
05,051,012001,4,707,+34.681447,-093.008634
05,051,012002,1,1528,+34.654503,-093.021895
05,051,012002,2,901,+34.670113,-092.993177
05,051,012002,3,1098,+34.669818,-093.029251
05,053,470100,1,1231,+34.322803,-092.256103
05,053,470100,2,2015,+34.448091,-092.311188
05,053,470100,3,1762,+34.195193,-092.299104
05,053,470200,1,1299,+34.348942,-092.384092
05,053,470200,2,1898,+34.239255,-092.413348
05,053,470300,1,2083,+34.257100,-092.564093
05,053,470300,2,1026,+34.409431,-092.556538
05,053,470300,3,885,+34.334305,-092.641333
05,053,470400,1,1189,+34.294920,-092.393612
05,053,470400,2,732,+34.320063,-092.402639
05,053,470400,3,1252,+34.314388,-092.410083
05,053,470400,4,1334,+34.303073,-092.419048
05,053,470400,5,1147,+34.290982,-092.406752
05,055,480100,1,1176,+36.190004,-090.411322
05,055,480100,2,1200,+36.190017,-090.386088
05,055,480100,3,591,+36.102317,-090.384337
05,055,480200,1,1811,+36.197725,-090.494385
05,055,480200,2,2568,+36.119520,-090.503800
05,055,480300,1,1528,+36.096326,-090.628994
05,055,480300,2,1680,+36.161424,-090.615577
05,055,480400,1,1765,+36.067564,-090.542879
05,055,480400,2,2082,+36.075515,-090.514888
05,055,480400,3,839,+36.062116,-090.491132
05,055,480400,4,1973,+36.058048,-090.497522
05,055,480500,1,654,+36.055987,-090.482053
05,055,480500,2,2487,+36.079328,-090.483782
05,055,480500,3,2865,+36.058350,-090.469435
05,055,480500,4,581,+36.063089,-090.482312
05,055,480600,1,974,+36.015601,-090.736110
05,055,480600,2,2251,+36.013342,-090.653986
05,055,480600,3,2196,+35.998641,-090.511508
05,055,480600,4,1886,+36.024737,-090.583449
05,055,480700,1,1019,+36.047527,-090.491303
05,055,480700,2,1069,+36.047370,-090.475884
05,055,480801,1,1595,+36.054828,-090.535548
05,055,480801,2,1560,+36.048105,-090.518560
05,055,480801,3,1736,+36.056814,-090.556886
05,055,480802,1,1614,+36.045649,-090.499088
05,055,480802,2,2390,+36.032920,-090.514454
05,057,480100,1,1443,+33.830958,-093.542768
05,057,480100,2,1648,+33.838581,-093.683713
05,057,480100,3,1342,+33.953002,-093.715413
05,057,480100,4,911,+33.704769,-093.530558
05,057,480200,1,1057,+33.770821,-093.779235
05,057,480200,2,602,+33.690565,-093.873673
05,057,480200,3,1112,+33.685470,-093.692353
05,057,480300,1,1116,+33.674384,-093.581661
05,057,480300,2,949,+33.680878,-093.589522
05,057,480300,3,558,+33.664603,-093.587215
05,057,480300,4,807,+33.655841,-093.586842
05,057,480300,5,806,+33.654039,-093.578572
05,057,480300,6,1471,+33.661518,-093.559847
05,057,480400,1,849,+33.609219,-093.686694
05,057,480400,2,1219,+33.621920,-093.545824
05,057,480400,3,873,+33.559525,-093.580981
05,057,480400,4,1031,+33.557124,-093.650568
05,057,480500,1,1786,+33.670976,-093.605486
05,057,480500,2,950,+33.662720,-093.606201
05,057,480500,3,2079,+33.653337,-093.597951
05,059,020100,1,2473,+34.461905,-092.821919
05,059,020100,2,1799,+34.437333,-092.858052
05,059,020100,3,1692,+34.438830,-092.742549
05,059,020100,4,1611,+34.383332,-092.736103
05,059,020200,1,517,+34.374503,-092.800532
05,059,020200,2,979,+34.376811,-092.811646
05,059,020200,3,887,+34.381047,-092.817604
05,059,020200,4,611,+34.370111,-092.826904
05,059,020300,1,1148,+34.357299,-092.814695
05,059,020300,2,1106,+34.341931,-092.813662
05,059,020400,1,1503,+34.361935,-092.802760
05,059,020400,2,1366,+34.358405,-092.793803
05,059,020400,3,665,+34.355807,-092.801896
05,059,020400,4,927,+34.342072,-092.794228
05,059,020400,5,921,+34.355972,-092.781510
05,059,020500,1,1020,+34.258788,-092.721226
05,059,020500,2,2951,+34.323053,-092.831186
05,059,020500,3,1076,+34.221278,-092.888373
05,059,020600,1,1051,+34.397372,-092.908412
05,059,020600,2,1278,+34.327475,-092.989590
05,059,020600,3,1489,+34.247514,-093.000520
05,059,020700,1,2196,+34.304312,-093.121019
05,059,020700,2,2027,+34.305193,-093.194035
05,059,020700,3,1630,+34.350225,-093.314715
05,061,950100,1,868,+34.052321,-093.890690
05,061,950100,2,1106,+34.264474,-094.018640
05,061,950100,3,1123,+34.121890,-094.018896
05,061,950100,4,1011,+34.049647,-094.008653
05,061,950200,1,910,+33.938081,-093.955788
05,061,950200,2,1796,+33.942783,-093.871130
05,061,950200,3,1218,+33.875863,-093.918713
05,061,950200,4,1064,+33.818637,-093.897192
05,061,950300,1,1322,+33.952191,-093.835333
05,061,950300,2,1006,+33.952647,-093.854705
05,061,950300,3,1449,+33.942729,-093.856209
05,061,950300,4,916,+33.934962,-093.845982
05,063,490100,1,1427,+35.786549,-091.776628
05,063,490100,2,1290,+35.866997,-091.740139
05,063,490100,3,2033,+35.886171,-091.560941
05,063,490100,4,1513,+35.845714,-091.483612
05,063,490200,1,854,+35.807040,-091.651958
05,063,490200,2,952,+35.779906,-091.657049
05,063,490200,3,651,+35.774215,-091.645545
05,063,490300,1,1831,+35.804231,-091.589745
05,063,490300,2,1040,+35.776513,-091.634604
05,063,490300,3,2485,+35.775226,-091.601959
05,063,490300,4,793,+35.771704,-091.631840
05,063,490400,1,1191,+35.727638,-091.486977
05,063,490400,2,1205,+35.702373,-091.439933
05,063,490400,3,813,+35.782466,-091.378101
05,063,490400,4,1074,+35.784706,-091.473258
05,063,490500,1,1598,+35.760186,-091.618846
05,063,490500,2,1064,+35.759142,-091.574763
05,063,490600,1,1714,+35.783629,-091.670364
05,063,490600,2,1116,+35.770574,-091.661899
05,063,490700,1,1286,+35.700626,-091.718247
05,063,490700,2,2245,+35.734979,-091.664989
05,063,490700,3,979,+35.704041,-091.593727
05,063,490700,4,839,+35.729300,-091.630264
05,063,490700,5,1530,+35.698068,-091.628950
05,063,490800,1,784,+35.589514,-091.442742
05,063,490800,2,1883,+35.631237,-091.565439
05,063,490800,3,927,+35.595874,-091.749029
05,063,490800,4,1530,+35.562664,-091.641216
05,065,960100,1,1214,+36.219654,-091.737019
05,065,960100,2,1016,+36.233351,-091.770473
05,065,960100,3,897,+36.159597,-091.761150
05,065,960200,1,1542,+36.093539,-091.904460
05,065,960200,2,1878,+36.055610,-091.884221
05,065,960200,3,1642,+36.192330,-091.929719
05,065,960300,1,1482,+36.127457,-092.131539
05,065,960300,2,1476,+36.182824,-092.128838
05,065,960400,1,1662,+35.996287,-091.769405
05,065,960400,2,887,+35.980318,-091.989753
05,067,480100,1,751,+35.751321,-091.206069
05,067,480100,2,1162,+35.726085,-091.206648
05,067,480100,3,699,+35.728725,-091.195350
05,067,480100,4,878,+35.823867,-091.127536
05,067,480200,1,891,+35.643819,-091.282878
05,067,480200,2,853,+35.595023,-091.281002
05,067,480200,3,685,+35.611128,-091.270624
05,067,480200,4,530,+35.602861,-091.281447
05,067,480200,5,755,+35.603441,-091.265860
05,067,480300,1,1098,+35.643063,-091.254529
05,067,480300,2,655,+35.627885,-091.246609
05,067,480300,3,1205,+35.607615,-091.250354
05,067,480300,4,1238,+35.614954,-091.256056
05,067,480400,1,2741,+35.642073,-091.158115
05,067,480400,2,1200,+35.509299,-091.223360
05,067,480400,3,728,+35.481506,-091.096794
05,067,480500,1,1928,+35.482310,-091.481541
05,069,000102,1,1386,+34.440140,-091.900240
05,069,000301,1,1112,+34.291236,-092.149768
05,069,000301,2,930,+34.259930,-092.149941
05,069,000301,3,1515,+34.249130,-092.108434
05,069,000302,1,1763,+34.288187,-092.094004
05,069,000302,2,789,+34.277637,-092.100301
05,069,000302,3,1428,+34.264025,-092.092427
05,069,000302,4,718,+34.294961,-092.110146
05,069,000302,5,1243,+34.329322,-092.135908
05,069,000303,1,830,+34.255049,-092.070183
05,069,000303,2,1032,+34.241556,-092.067325
05,069,000303,3,2189,+34.250140,-092.082458
05,069,000502,1,769,+34.233713,-092.024549
05,069,000502,2,1471,+34.239052,-092.024232
05,069,000502,3,1492,+34.250664,-092.022411
05,069,000900,1,1061,+34.217352,-091.976034
05,069,000900,2,967,+34.216930,-091.983939
05,069,000900,3,553,+34.221279,-091.984866
05,069,000900,4,577,+34.223530,-091.983037
05,069,001000,1,409,+34.223727,-091.992398
05,069,001000,2,379,+34.216658,-091.994899
05,069,001000,3,1088,+34.220514,-092.002297
05,069,001200,1,450,+34.226952,-092.012860
05,069,001200,2,449,+34.221116,-092.013114
05,069,001200,3,846,+34.215307,-092.014067
05,069,001200,4,822,+34.216972,-092.022639
05,069,001300,1,648,+34.213519,-092.039724
05,069,001300,2,639,+34.224071,-092.036722
05,069,001300,3,488,+34.215869,-092.032963
05,069,001401,1,1180,+34.235604,-092.053210
05,069,001401,2,580,+34.243905,-092.055399
05,069,001402,1,984,+34.223709,-092.053891
05,069,001402,2,529,+34.220141,-092.046780
05,069,001402,3,1203,+34.210382,-092.054470
05,069,001501,1,2482,+34.196716,-092.047966
05,069,001501,2,1477,+34.206121,-092.039084
05,069,001502,1,713,+34.204830,-092.028656
05,069,001502,2,667,+34.197920,-092.029545
05,069,001502,3,1041,+34.193086,-092.027215
05,069,001502,4,1290,+34.186545,-092.030352
05,069,001600,1,948,+34.209938,-092.011213
05,069,001600,2,910,+34.203931,-092.011260
05,069,001600,3,861,+34.210471,-092.020233
05,069,001600,4,1002,+34.204596,-092.020118
05,069,001700,1,730,+34.210866,-091.999542
05,069,001700,2,604,+34.204838,-091.993930
05,069,001700,3,531,+34.198090,-091.994253
05,069,001700,4,842,+34.201475,-092.003760
05,069,001800,1,1223,+34.197823,-092.011710
05,069,001800,2,874,+34.197803,-092.020408
05,069,001800,3,1308,+34.187835,-092.016684
05,069,001901,1,1695,+34.156771,-091.949225
05,069,001903,1,713,+34.188419,-092.004488
05,069,001903,2,1467,+34.189142,-091.994455
05,069,002000,1,962,+34.169929,-092.027560
05,069,002000,2,1506,+34.130279,-092.063227
05,069,002000,3,2086,+34.157616,-092.020218
05,069,002000,4,1058,+34.103263,-092.016924
05,069,002103,1,1133,+34.196486,-092.161907
05,069,002103,2,1822,+34.194356,-092.088725
05,069,002103,3,2358,+34.220330,-092.079036
05,069,002104,1,1306,+34.157550,-092.082227
05,069,002104,2,843,+34.141373,-092.155124
05,069,002104,3,1905,+34.161275,-092.106311
05,069,002300,1,870,+34.412940,-092.015112
05,069,002300,2,567,+34.348524,-091.878698
05,069,002300,3,1267,+34.377669,-091.794507
05,069,002300,4,555,+34.253689,-091.762454
05,069,002400,1,1356,+34.462611,-092.172554
05,069,002400,2,2699,+34.401998,-092.164857
05,069,002500,1,1245,+34.188920,-091.891600
05,071,951700,1,1463,+35.563678,-093.378532
05,071,951700,2,776,+35.647409,-093.583131
05,071,951700,3,2213,+35.536069,-093.479433
05,071,951800,1,1392,+35.521128,-093.602776
05,071,951800,2,1294,+35.442565,-093.678452
05,071,951800,3,1983,+35.447405,-093.603120
05,071,951900,1,923,+35.488816,-093.466396
05,071,951900,2,1685,+35.484184,-093.495278
05,071,951900,3,952,+35.477477,-093.469730
05,071,952000,1,1432,+35.453154,-093.517956
05,071,952000,2,817,+35.468006,-093.469266
05,071,952000,3,1573,+35.461708,-093.482790
05,071,952100,1,1057,+35.466717,-093.458662
05,071,952100,2,1457,+35.475055,-093.437181
05,071,952100,3,1122,+35.448149,-093.451881
05,071,952200,1,1984,+35.443603,-093.388698
05,071,952200,2,1182,+35.377072,-093.368059
05,071,952200,3,2235,+35.423506,-093.327990
05,073,470100,1,1583,+33.376022,-093.591664
05,073,470100,2,874,+33.409066,-093.490260
05,073,470100,3,626,+33.362441,-093.469972
05,073,470100,4,856,+33.356886,-093.508694
05,073,470100,5,789,+33.366309,-093.494250
05,073,470200,1,1051,+33.098007,-093.548892
05,073,470200,2,1220,+33.104813,-093.694059
05,073,470200,3,646,+33.300127,-093.547301
05,075,470100,1,804,+36.090711,-091.033488
05,075,470100,2,893,+36.108070,-090.913073
05,075,470200,1,1237,+36.093902,-091.223881
05,075,470200,2,1403,+36.188238,-091.196572
05,075,470200,3,778,+36.222354,-091.268417
05,075,470200,4,1171,+36.111436,-091.111421
05,075,470300,1,916,+36.017258,-091.243469
05,075,470300,2,1074,+35.951935,-091.314023
05,075,470400,1,504,+35.966634,-090.893585
05,075,470400,2,1186,+35.965005,-091.046394
05,075,470501,1,976,+36.056145,-090.966858
05,075,470501,2,825,+36.036546,-090.978053
05,075,470501,3,961,+36.050294,-090.982712
05,075,470502,1,665,+36.076867,-090.950425
05,075,470502,2,834,+36.077849,-090.963485
05,075,470502,3,1426,+36.069452,-090.969062
05,075,470502,4,1051,+36.062722,-090.956273
05,075,470502,5,711,+36.069804,-090.947401
05,077,470100,1,2271,+34.852360,-090.619303
05,077,470100,2,574,+34.710693,-090.724945
05,077,470200,1,671,+34.813831,-090.847006
05,077,470200,2,1042,+34.826075,-090.988543
05,077,470300,1,1041,+34.765668,-090.753647
05,077,470300,2,502,+34.767017,-090.763136
05,077,470300,3,465,+34.783136,-090.770739
05,077,470300,4,1365,+34.770828,-090.775046
05,077,470300,5,930,+34.777492,-090.759424
05,077,470400,1,526,+34.724734,-090.951786
05,077,470400,2,1037,+34.705740,-090.830730
05,079,960300,1,843,+33.993178,-091.785611
05,079,960300,2,534,+33.899854,-091.614999
05,079,960300,3,1581,+33.865866,-091.781556
05,079,960400,1,1984,+33.997931,-091.894005
05,079,960400,2,1598,+33.895416,-091.908898
05,079,960500,1,1109,+33.938696,-091.834401
05,079,960500,2,1334,+33.936581,-091.851676
05,079,960600,1,567,+34.085314,-091.697461
05,079,960600,2,4584,+34.043357,-091.575248
05,081,030101,1,708,+33.674661,-094.139483
05,081,030101,2,646,+33.661889,-094.134167
05,081,030101,3,777,+33.633555,-094.152128
05,081,030102,1,908,+33.692577,-094.127823
05,081,030102,2,1387,+33.679068,-094.116334
05,081,030102,3,1509,+33.666700,-094.114475
05,081,030102,4,1581,+33.665079,-094.019044
05,081,030200,1,1093,+33.730113,-094.392224
05,081,030200,2,778,+33.704720,-094.395132
05,081,030200,3,716,+33.662537,-094.319655
05,081,030300,1,1261,+33.843732,-094.396084
05,081,030300,2,849,+33.726739,-094.237939
05,081,030300,3,958,+33.729785,-094.137574
05,083,950100,1,1651,+35.301004,-093.383068
05,083,950100,2,1723,+35.344876,-093.537435
05,083,950100,3,710,+35.272576,-093.540618
05,083,950200,1,1181,+35.336870,-093.710984
05,083,950200,2,1031,+35.297009,-093.872957
05,083,950200,3,1655,+35.277764,-093.709895
05,083,950300,1,1391,+35.299658,-093.716369
05,083,950300,2,772,+35.295024,-093.743496
05,083,950300,3,1783,+35.286436,-093.722648
05,083,950400,1,1398,+35.170149,-093.791814
05,083,950400,2,1924,+35.185669,-093.908236
05,083,950500,1,1383,+35.143382,-093.908691
05,083,950500,2,1314,+35.142393,-093.930610
05,083,950500,3,752,+35.131382,-093.926418
05,083,950500,4,661,+35.131884,-093.917098
05,083,950600,1,1071,+35.106112,-093.801556
05,083,950600,2,1953,+35.103506,-094.001371
05,085,020101,1,4960,+35.027991,-092.057970
05,085,020101,2,1789,+35.040345,-092.010000
05,085,020102,1,2876,+35.023989,-091.956593
05,085,020102,2,2497,+35.009111,-091.931199
05,085,020103,1,2835,+34.966403,-091.978953
05,085,020103,2,2563,+34.961910,-091.926451
05,085,020104,1,2294,+34.917005,-091.970663
05,085,020104,2,2096,+34.919537,-091.915470
05,085,020104,3,2678,+34.956680,-091.833737
05,085,020201,1,1379,+34.996679,-092.031064
05,085,020201,2,2350,+34.990132,-092.047834
05,085,020202,1,1883,+34.981520,-092.017089
05,085,020202,2,1184,+34.976271,-092.001721
05,085,020202,3,770,+34.992360,-091.996478
05,085,020204,1,3077,+34.971423,-092.036838
05,085,020204,2,2458,+34.954332,-092.038217
05,085,020205,1,1245,+34.959216,-092.015272
05,085,020205,2,1246,+34.967330,-092.014375
05,085,020205,3,2503,+34.959247,-091.998078
05,085,020206,1,4110,+34.943096,-092.012071
05,085,020301,1,1049,+34.846183,-092.041617
05,085,020301,2,1538,+34.821980,-092.006063
05,085,020301,3,1390,+34.832940,-092.047999
05,085,020302,1,2065,+34.897606,-092.003091
05,085,020302,2,1685,+34.840576,-091.928182
05,085,020400,1,788,+34.808076,-091.753791
05,085,020400,2,1219,+34.786889,-091.740883
05,085,020400,3,1088,+34.733889,-091.746999
05,085,020500,1,1759,+34.789127,-091.892904
05,085,020500,2,962,+34.772910,-091.894102
05,085,020500,3,1898,+34.774614,-091.907828
05,085,020600,1,736,+34.747795,-092.026501
05,085,020600,2,1079,+34.642377,-092.024254
05,085,020700,1,893,+34.551200,-091.964430
05,085,020700,2,1078,+34.540079,-091.963228
05,085,020700,3,1018,+34.540094,-091.977172
05,085,020800,1,625,+34.563930,-091.853885
05,085,020800,2,693,+34.540450,-091.756184
05,087,960100,1,1199,+36.167287,-093.681669
05,087,960100,2,1397,+36.236532,-093.784397
05,087,960100,3,1282,+36.153741,-093.841014
05,087,960200,1,1765,+36.099784,-093.747530
05,087,960200,2,1114,+36.084226,-093.722805
05,087,960200,3,770,+36.071726,-093.744036
05,087,960300,1,1660,+36.079269,-093.869983
05,087,960300,2,1176,+35.993950,-093.782005
05,087,960300,3,1229,+35.946280,-093.884727
05,087,960300,4,830,+35.835688,-093.867583
05,087,960400,1,1608,+36.081194,-093.575300
05,087,960400,2,951,+35.975808,-093.616980
05,087,960400,3,736,+35.837891,-093.677940
05,089,960100,1,970,+36.162104,-092.822945
05,089,960100,2,2024,+36.168464,-092.683944
05,089,960100,3,1315,+36.176219,-092.561825
05,089,960201,1,1443,+36.289740,-092.794831
05,089,960201,2,1093,+36.233459,-092.686435
05,089,960201,3,797,+36.254717,-092.686254
05,089,960202,1,1879,+36.268104,-092.578670
05,089,960202,2,826,+36.312309,-092.579457
05,089,960202,3,1128,+36.283114,-092.619728
05,089,960300,1,752,+36.442444,-092.582161
05,089,960300,2,894,+36.383671,-092.579747
05,089,960300,3,1398,+36.365485,-092.598637
05,089,960300,4,1257,+36.389583,-092.723662
05,089,960300,5,877,+36.427900,-092.813961
05,091,020100,1,1568,+33.464774,-094.037231
05,091,020100,2,1076,+33.455733,-094.035646
05,091,020100,3,582,+33.450491,-094.034575
05,091,020100,4,557,+33.446907,-094.036215
05,091,020200,1,833,+33.441946,-094.032835
05,091,020200,2,898,+33.435130,-094.033616
05,091,020200,3,500,+33.434042,-094.039517
05,091,020200,4,757,+33.442084,-094.039076
05,091,020400,1,1502,+33.423839,-094.037743
05,091,020400,2,867,+33.408808,-094.036314
05,091,020400,3,859,+33.399898,-094.030786
05,091,020500,1,860,+33.412131,-094.025882
05,091,020500,2,2063,+33.413269,-094.020477
05,091,020600,1,442,+33.426077,-094.026059
05,091,020600,2,970,+33.424248,-094.008950
05,091,020600,3,667,+33.424415,-094.019230
05,091,020701,1,1812,+33.468249,-094.018470
05,091,020701,2,1779,+33.459991,-094.018986
05,091,020702,1,2115,+33.441748,-094.018097
05,091,020702,2,1498,+33.450431,-094.023520
05,091,020801,1,2768,+33.477056,-094.019246
05,091,020802,1,1030,+33.412833,-093.989310
05,091,020802,2,648,+33.369060,-094.020613
05,091,020802,3,654,+33.385813,-094.008655
05,091,020900,1,1733,+33.422978,-093.868652
05,091,020900,2,984,+33.488705,-093.983215
05,091,020900,3,1281,+33.445495,-093.949379
05,091,020900,4,1738,+33.411334,-093.937261
05,091,020900,5,2340,+33.369056,-093.931651
05,091,021000,1,1509,+33.310933,-093.863556
05,091,021000,2,1015,+33.305732,-093.948685
05,091,021000,3,1072,+33.358933,-093.995996
05,091,021000,4,823,+33.258232,-093.964982
05,091,021000,5,1281,+33.262551,-093.889106
05,091,021000,6,867,+33.218601,-093.840525
05,091,021000,7,707,+33.161293,-093.975140
05,091,021000,8,789,+33.069306,-093.958421
05,091,980000,1,18,+33.451449,-093.990245
05,093,010100,1,492,+35.918412,-089.901762
05,093,010100,2,273,+35.921107,-089.914200
05,093,010100,3,1107,+35.927767,-089.906362
05,093,010200,1,932,+35.938587,-089.883462
05,093,010200,2,2613,+35.934151,-089.890101
05,093,010200,3,969,+35.924168,-089.887722
05,093,010200,4,976,+35.924053,-089.895094
05,093,010200,5,513,+35.917543,-089.895109
05,093,010300,1,863,+35.921263,-089.931577
05,093,010300,2,1353,+35.901245,-089.920306
05,093,010300,3,1072,+35.923334,-089.924472
05,093,010600,1,2134,+35.977021,-089.964999
05,093,010600,2,760,+35.949214,-089.915131
05,093,010600,3,1035,+35.943518,-089.905107
05,093,010600,4,762,+35.938872,-089.914194
05,093,010600,5,768,+35.934360,-089.902182
05,093,010600,6,919,+35.932156,-089.920954
05,093,010700,1,1065,+35.915266,-089.997336
05,093,010700,2,907,+35.844825,-089.977768
05,093,010700,3,684,+35.852938,-089.871262
05,093,010700,4,1544,+35.942223,-089.805517
05,093,010800,1,758,+35.929272,-090.263662
05,093,010800,2,825,+35.934808,-090.210518
05,093,010800,3,1266,+35.925689,-090.245802
05,093,010800,4,1293,+35.883772,-090.161882
05,093,010800,5,2228,+35.880267,-090.174647
05,093,010800,6,738,+35.836098,-090.214236
05,093,010900,1,902,+35.697862,-090.224207
05,093,010900,2,843,+35.753556,-089.929853
05,093,010900,3,1023,+35.767630,-090.015916
05,093,011000,1,1275,+35.710019,-089.975168
05,093,011000,2,748,+35.715608,-089.965619
05,093,011000,3,1125,+35.701431,-089.963930
05,093,011000,4,1526,+35.699203,-089.972344
05,093,011100,1,807,+35.702263,-089.992543
05,093,011100,2,2333,+35.694205,-089.994362
05,093,011200,1,967,+35.564983,-090.044348
05,093,011200,2,1119,+35.660880,-090.084288
05,093,011300,1,676,+35.590584,-090.212668
05,093,011300,2,1530,+35.512895,-090.170234
05,093,011400,1,1073,+35.950949,-089.966469
05,093,011400,2,1077,+35.958621,-089.976598
05,093,011400,3,607,+35.960077,-089.961211
05,095,950100,1,682,+34.883716,-091.174032
05,095,950100,2,624,+34.908129,-091.185027
05,095,950100,3,1562,+34.903690,-091.200266
05,095,950100,4,919,+34.878319,-091.199382
05,095,950200,1,1294,+34.685789,-091.322075
05,095,950200,2,846,+34.692042,-091.301672
05,095,950300,1,351,+34.498610,-091.111274
05,095,950300,2,1175,+34.753913,-091.166978
05,095,950300,3,696,+34.597510,-091.199762
05,097,953000,1,1057,+34.615286,-093.554474
05,097,953000,2,1252,+34.534487,-093.512843
05,097,953000,3,990,+34.548825,-093.636350
05,097,953100,1,1296,+34.608766,-093.797925
05,097,953100,2,946,+34.657412,-093.640493
05,097,953200,1,1830,+34.379368,-093.506664
05,097,953200,2,1245,+34.457168,-093.669273
05,097,953200,3,871,+34.422201,-093.745077
05,099,090100,1,534,+33.713578,-093.185124
05,099,090100,2,845,+33.627896,-093.273514
05,099,090100,3,1111,+33.694887,-093.427794
05,099,090200,1,1851,+33.794905,-093.379130
05,099,090200,2,1354,+33.805464,-093.385990
05,099,090200,3,1758,+33.817606,-093.370310
05,099,090300,1,567,+33.502338,-093.259530
05,099,090300,2,977,+33.542020,-093.403362
05,101,180100,1,927,+36.016218,-093.182021
05,101,180100,2,1635,+36.074026,-092.999479
05,101,180100,3,1515,+36.080138,-093.263630
05,101,180200,1,1473,+35.928899,-093.083076
05,101,180200,2,650,+35.797683,-093.199760
05,101,180200,3,1550,+35.949360,-093.238229
05,101,180200,4,580,+35.882429,-093.398627
05,103,950100,1,864,+33.726337,-092.616763
05,103,950100,2,730,+33.766031,-092.725355
05,103,950100,3,717,+33.725908,-092.625494
05,103,950100,4,1136,+33.667122,-092.783293
05,103,950100,5,2239,+33.609475,-092.748427
05,103,950200,1,1591,+33.633947,-092.901969
05,103,950200,2,1196,+33.634387,-093.010781
05,103,950300,1,553,+33.498961,-092.811218
05,103,950300,2,1167,+33.508249,-092.874069
05,103,950300,3,930,+33.411559,-092.737040
05,103,950300,4,1301,+33.479603,-093.000071
05,103,950300,5,769,+33.413148,-093.072754
05,103,950300,6,802,+33.439268,-092.855086
05,103,950400,1,1302,+33.591357,-092.835651
05,103,950400,2,1347,+33.588642,-092.858925
05,103,950400,3,717,+33.591218,-092.845606
05,103,950500,1,659,+33.531736,-092.847193
05,103,950500,2,1082,+33.542797,-092.840924
05,103,950500,3,1080,+33.546673,-092.823072
05,103,950500,4,923,+33.527152,-092.831004
05,103,950600,1,590,+33.580065,-092.845118
05,103,950600,2,519,+33.580101,-092.835598
05,103,950600,3,661,+33.576696,-092.821030
05,103,950600,4,631,+33.573964,-092.829641
05,103,950600,5,1797,+33.569568,-092.861895
05,103,950600,6,817,+33.551382,-092.858228
05,105,952700,1,1394,+35.004815,-092.613580
05,105,952700,2,1350,+35.059193,-092.632402
05,105,952700,3,1458,+34.977355,-092.755824
05,105,952700,4,1080,+34.930420,-092.700617
05,105,952800,1,817,+35.005151,-092.803355
05,105,952800,2,827,+34.951386,-092.830367
05,105,952800,3,1709,+35.031800,-092.805369
05,105,952900,1,681,+34.930258,-093.078334
05,105,952900,2,1129,+35.036139,-092.990104
05,107,480100,1,639,+34.568197,-090.626326
05,107,480100,2,816,+34.537725,-090.606891
05,107,480100,3,432,+34.536550,-090.587226
05,107,480100,4,732,+34.537341,-090.619105
05,107,480100,5,568,+34.531550,-090.589524
05,107,480200,1,1464,+34.587747,-090.746747
05,107,480200,2,862,+34.585293,-090.926035
05,107,480200,3,1470,+34.537127,-090.757772
05,107,480200,4,756,+34.492694,-090.957711
05,107,480200,5,722,+34.545090,-090.906454
05,107,480200,6,629,+34.560672,-090.913716
05,107,480300,1,847,+34.555678,-090.637904
05,107,480300,2,927,+34.538326,-090.638708
05,107,480300,3,1040,+34.546288,-090.636473
05,107,480300,4,2270,+34.557644,-090.662639
05,107,480300,5,1116,+34.555956,-090.645023
05,107,480400,1,565,+34.525687,-090.594228
05,107,480400,2,920,+34.516264,-090.609244
05,107,480400,3,490,+34.525051,-090.589127
05,107,480500,1,653,+34.551948,-090.666812
05,107,480500,2,457,+34.527405,-090.652448
05,107,480500,3,986,+34.536568,-090.651552
05,107,480500,4,559,+34.544151,-090.652609
05,107,480600,1,1837,+34.346179,-090.848713
05,109,953300,1,1243,+34.333597,-093.544023
05,109,953300,2,1136,+34.327074,-093.535853
05,109,953300,3,1858,+34.276567,-093.565712
05,109,953400,1,966,+34.286459,-093.769377
05,109,953400,2,1534,+34.217845,-093.739519
05,109,953500,1,738,+34.021623,-093.462634
05,109,953500,2,1204,+34.025897,-093.543083
05,109,953500,3,1521,+34.056010,-093.689184
05,109,953500,4,1091,+34.065514,-093.730405
05,111,490100,1,616,+35.604685,-090.351334
05,111,490100,2,1047,+35.482888,-090.427173
05,111,490100,3,1229,+35.610853,-090.328088
05,111,490100,4,809,+35.488552,-090.357055
05,111,490100,5,719,+35.609436,-090.340249
05,111,490200,1,1085,+35.595960,-090.507068
05,111,490200,2,671,+35.660186,-090.566723
05,111,490300,1,1177,+35.664166,-090.506922
05,111,490300,2,1567,+35.681850,-090.505637
05,111,490300,3,800,+35.670488,-090.512211
05,111,490400,1,1667,+35.671303,-090.527836
05,111,490400,2,1214,+35.681211,-090.518915
05,111,490400,3,1319,+35.682156,-090.533355
05,111,490500,1,1149,+35.649830,-090.688609
05,111,490500,2,1022,+35.500244,-090.700036
05,111,490500,3,1424,+35.571979,-090.678975
05,111,490500,4,1372,+35.564240,-090.711764
05,111,490500,5,1537,+35.564935,-090.726293
05,111,490600,1,587,+35.508553,-090.953617
05,111,490600,2,1111,+35.624939,-090.922685
05,111,490700,1,561,+35.533622,-090.425014
05,111,490700,2,581,+35.532965,-090.413668
05,111,490700,3,1319,+35.527558,-090.412584
05,113,950100,1,1178,+34.622576,-094.135981
05,113,950100,2,1897,+34.575708,-094.102533
05,113,950100,3,1261,+34.513387,-094.105074
05,113,950200,1,1341,+34.625100,-094.231318
05,113,950200,2,1376,+34.596601,-094.264791
05,113,950200,3,752,+34.595392,-094.338980
05,113,950200,4,1551,+34.579573,-094.257280
05,113,950200,5,841,+34.583774,-094.243519
05,113,950300,1,1274,+34.549437,-094.348443
05,113,950300,2,1447,+34.485545,-094.369718
05,113,950400,1,2067,+34.573773,-094.219872
05,113,950400,2,1167,+34.564387,-094.245462
05,113,950500,1,1055,+34.430468,-094.372386
05,113,950500,2,1023,+34.386316,-094.379658
05,113,950600,1,1696,+34.304867,-094.343053
05,113,950600,2,736,+34.231327,-094.321785
05,115,950700,1,1552,+35.493821,-092.950313
05,115,950700,2,1200,+35.489549,-093.102038
05,115,950700,3,1119,+35.474011,-093.164262
05,115,950800,1,2557,+35.372685,-093.225937
05,115,950800,2,1773,+35.331009,-093.249378
05,115,950900,1,1110,+35.410295,-093.096591
05,115,950900,2,1208,+35.378500,-093.135210
05,115,950900,3,1332,+35.385011,-093.091649
05,115,950900,4,3006,+35.346284,-093.097443
05,115,951000,1,1726,+35.367652,-092.906344
05,115,951000,2,2633,+35.375675,-093.001713
05,115,951100,1,1476,+35.231730,-092.956173
05,115,951100,2,1590,+35.252342,-092.921256
05,115,951100,3,979,+35.231012,-092.931858
05,115,951200,1,3314,+35.298507,-093.042957
05,115,951200,2,2233,+35.270894,-093.036837
05,115,951200,3,2890,+35.221946,-093.044801
05,115,951300,1,2468,+35.312713,-093.125515
05,115,951300,2,2548,+35.290580,-093.122073
05,115,951300,3,1359,+35.284565,-093.110840
05,115,951300,4,1325,+35.284957,-093.127134
05,115,951400,1,1579,+35.288978,-093.157638
05,115,951400,2,3324,+35.297726,-093.141575
05,115,951501,1,2426,+35.293610,-093.181713
05,115,951501,2,1160,+35.266105,-093.168771
05,115,951502,1,773,+35.281678,-093.156789
05,115,951502,2,2165,+35.270900,-093.148069
05,115,951502,3,2021,+35.267436,-093.138379
05,115,951502,4,1742,+35.277948,-093.163471
05,115,951600,1,1511,+35.268196,-093.129487
05,115,951600,2,1332,+35.224237,-093.095473
05,115,951600,3,956,+35.267574,-093.124220
05,115,951600,4,3367,+35.260947,-093.114671
05,117,460100,1,785,+34.980231,-091.735119
05,117,460100,2,1164,+34.975383,-091.490626
05,117,460100,3,905,+34.974064,-091.496423
05,117,460100,4,909,+34.975926,-091.512209
05,117,460200,1,1131,+34.788695,-091.620860
05,117,460200,2,752,+34.781449,-091.583099
05,117,460200,3,798,+34.783621,-091.571195
05,117,460300,1,841,+34.677152,-091.464658
05,117,460300,2,869,+34.778913,-091.457213
05,117,460300,3,561,+34.825139,-091.402659
05,119,000200,1,496,+34.725021,-092.233019
05,119,000200,2,368,+34.740219,-092.246111
05,119,000500,1,713,+34.720188,-092.272349
05,119,000500,2,813,+34.719391,-092.287133
05,119,000500,3,784,+34.720316,-092.281024
05,119,001100,1,994,+34.719674,-092.293659
05,119,001100,2,559,+34.726222,-092.293588
05,119,001100,3,811,+34.729427,-092.296309
05,119,001200,1,1820,+34.725254,-092.310434
05,119,001200,2,689,+34.730212,-092.315898
05,119,001300,1,692,+34.736888,-092.307463
05,119,001300,2,484,+34.738421,-092.317615
05,119,001300,3,538,+34.736630,-092.313376
05,119,001300,4,626,+34.741939,-092.311195
05,119,001501,1,511,+34.757684,-092.337450
05,119,001501,2,817,+34.761544,-092.322536
05,119,001501,3,1376,+34.756606,-092.325526
05,119,001501,4,1245,+34.753821,-092.331171
05,119,001502,1,844,+34.757298,-092.307093
05,119,001502,2,1254,+34.772586,-092.308321
05,119,001502,3,1604,+34.754095,-092.311658
05,119,001600,1,1410,+34.766122,-092.325049
05,119,001600,2,1032,+34.765900,-092.336094
05,119,001600,3,704,+34.770936,-092.328344
05,119,001600,4,1000,+34.775092,-092.337353
05,119,001600,5,1391,+34.775187,-092.324453
05,119,001800,1,698,+34.736728,-092.333072
05,119,001800,2,901,+34.739313,-092.321319
05,119,001800,3,1348,+34.737497,-092.327158
05,119,001800,4,540,+34.742750,-092.329168
05,119,001800,5,872,+34.737493,-092.338501
05,119,001900,1,719,+34.729951,-092.331376
05,119,001900,2,503,+34.725531,-092.324255
05,119,001900,3,881,+34.727800,-092.335591
05,119,001900,4,850,+34.722695,-092.331573
05,119,001900,5,921,+34.730352,-092.324245
05,119,002001,1,2251,+34.700567,-092.336079
05,119,002001,2,1924,+34.695076,-092.353056
05,119,002001,3,1250,+34.684987,-092.357748
05,119,002002,1,1096,+34.693695,-092.332399
05,119,002002,2,1923,+34.684909,-092.339417
05,119,002002,3,2268,+34.685596,-092.329784
05,119,002102,1,984,+34.737463,-092.346800
05,119,002102,2,1849,+34.727211,-092.349684
05,119,002102,3,1800,+34.721811,-092.345296
05,119,002103,1,1177,+34.749585,-092.362988
05,119,002103,2,2088,+34.748447,-092.350120
05,119,002104,1,1122,+34.756200,-092.365394
05,119,002104,2,1135,+34.762801,-092.364798
05,119,002104,3,1083,+34.756803,-092.344844
05,119,002104,4,1210,+34.757847,-092.353645
05,119,002203,1,1901,+34.766151,-092.350207
05,119,002203,2,1149,+34.762144,-092.374355
05,119,002203,3,942,+34.769395,-092.361169
05,119,002203,4,1535,+34.772307,-092.369588
05,119,002204,1,1655,+34.778708,-092.395757
05,119,002204,2,1088,+34.777932,-092.379327
05,119,002204,3,1824,+34.767428,-092.378570
05,119,002204,4,1960,+34.770639,-092.385128
05,119,002204,5,886,+34.781626,-092.385981
05,119,002206,1,1016,+34.770817,-092.406602
05,119,002206,2,1204,+34.767486,-092.409150
05,119,002206,3,1391,+34.761009,-092.406416
05,119,002208,1,925,+34.754586,-092.378744
05,119,002208,2,1187,+34.758873,-092.385982
05,119,002209,1,1084,+34.767142,-092.396550
05,119,002209,2,1056,+34.760107,-092.397618
05,119,002209,3,1239,+34.756277,-092.399886
05,119,002403,1,2425,+34.735051,-092.364329
05,119,002403,2,910,+34.724037,-092.368630
05,119,002403,3,806,+34.724222,-092.362500
05,119,002405,1,930,+34.716371,-092.376911
05,119,002405,2,2276,+34.706848,-092.393375
05,119,002405,3,1328,+34.695876,-092.380562
05,119,002406,1,1232,+34.716302,-092.366274
05,119,002406,2,1864,+34.708468,-092.362210
05,119,002407,1,584,+34.750209,-092.401214
05,119,002407,2,1239,+34.731589,-092.403484
05,119,002408,1,1994,+34.736803,-092.376282
05,119,002408,2,969,+34.739003,-092.384400
05,119,002408,3,1604,+34.729524,-092.386295
05,119,002408,4,1850,+34.725611,-092.377832
05,119,002408,5,716,+34.748201,-092.376394
05,119,002500,1,790,+34.757662,-092.266897
05,119,002500,2,553,+34.762745,-092.271451
05,119,002600,1,590,+34.754137,-092.249959
05,119,002600,2,752,+34.752656,-092.232169
05,119,002700,1,1263,+34.774310,-092.192060
05,119,002700,2,1078,+34.754766,-092.196701
05,119,002700,3,790,+34.756279,-092.206434
05,119,002700,4,1068,+34.760349,-092.209854
05,119,002700,5,766,+34.754742,-092.213659
05,119,002700,6,742,+34.756140,-092.200148
05,119,002700,7,916,+34.769274,-092.207269
05,119,002800,1,278,+34.770112,-092.258937
05,119,002800,2,1150,+34.761242,-092.243165
05,119,002800,3,928,+34.766080,-092.253053
05,119,002900,1,519,+34.772294,-092.264758
05,119,002900,2,889,+34.774755,-092.270476
05,119,003001,1,723,+34.770165,-092.274651
05,119,003001,2,843,+34.766232,-092.287655
05,119,003001,3,705,+34.765382,-092.282490
05,119,003001,4,847,+34.770792,-092.284628
05,119,003002,1,1977,+34.779567,-092.285265
05,119,003002,2,767,+34.774216,-092.275582
05,119,003002,3,704,+34.775645,-092.280934
05,119,003100,1,693,+34.781329,-092.296205
05,119,003202,1,1906,+34.812203,-092.260837
05,119,003202,2,924,+34.799996,-092.270347
05,119,003202,3,1365,+34.797680,-092.275457
05,119,003202,4,2907,+34.810151,-092.272368
05,119,003205,1,2,+34.799632,-092.315317
05,119,003207,1,884,+34.809167,-092.298186
05,119,003207,2,1048,+34.807256,-092.287945
05,119,003208,1,2324,+34.802838,-092.282669
05,119,003208,2,1501,+34.795199,-092.283482
05,119,003208,3,1005,+34.792731,-092.290376
05,119,003303,1,1352,+34.801036,-092.245425
05,119,003303,2,926,+34.806414,-092.243710
05,119,003303,3,2209,+34.799955,-092.227232
05,119,003304,1,1566,+34.795746,-092.247115
05,119,003304,2,1512,+34.790236,-092.241387
05,119,003304,3,913,+34.783431,-092.234925
05,119,003304,4,1407,+34.783054,-092.250637
05,119,003304,5,614,+34.786347,-092.257808
05,119,003305,1,1127,+34.785534,-092.265951
05,119,003305,2,859,+34.787797,-092.271752
05,119,003305,3,1187,+34.795071,-092.261032
05,119,003305,4,913,+34.792762,-092.268326
05,119,003306,1,1678,+34.810582,-092.252290
05,119,003306,2,1409,+34.802970,-092.260785
05,119,003402,1,1386,+34.905916,-092.188201
05,119,003402,2,2441,+34.891269,-092.218513
05,119,003402,3,1386,+34.904339,-092.233877
05,119,003402,4,717,+34.878428,-092.223407
05,119,003403,1,983,+34.986044,-092.182587
05,119,003403,2,1726,+34.951254,-092.187027
05,119,003404,1,1569,+34.990506,-092.111521
05,119,003404,2,1313,+34.952303,-092.120039
05,119,003404,3,2132,+34.926345,-092.120549
05,119,003500,1,788,+34.893583,-092.156330
05,119,003500,2,929,+34.889695,-092.166016
05,119,003500,3,1196,+34.894974,-092.143841
05,119,003604,1,1998,+34.871632,-092.185889
05,119,003604,2,2316,+34.878141,-092.149428
05,119,003604,3,2072,+34.880341,-092.121482
05,119,003605,1,1533,+34.845245,-092.129900
05,119,003605,2,2098,+34.861627,-092.173102
05,119,003605,3,859,+34.860307,-092.116611
05,119,003605,4,980,+34.861975,-092.123236
05,119,003606,1,1242,+34.862580,-092.104601
05,119,003606,2,1053,+34.859388,-092.111580
05,119,003606,3,612,+34.836420,-092.121109
05,119,003607,1,1148,+34.856846,-092.087992
05,119,003607,2,1968,+34.855593,-092.101512
05,119,003607,3,1888,+34.862978,-092.094777
05,119,003608,1,1647,+34.872071,-092.116032
05,119,003608,2,2199,+34.877420,-092.103414
05,119,003608,3,886,+34.869704,-092.095115
05,119,003609,1,1263,+34.898562,-092.098123
05,119,003609,2,1517,+34.891586,-092.085752
05,119,003609,3,1288,+34.886416,-092.096625
05,119,003703,1,908,+34.820521,-092.211315
05,119,003703,2,978,+34.813004,-092.211833
05,119,003703,3,1507,+34.807382,-092.224425
05,119,003703,4,1101,+34.814072,-092.221845
05,119,003703,5,930,+34.811501,-092.237893
05,119,003703,6,1319,+34.817442,-092.228899
05,119,003704,1,1885,+34.827482,-092.218623
05,119,003704,2,1862,+34.828503,-092.200145
05,119,003706,1,1138,+34.837056,-092.215225
05,119,003707,1,3365,+34.848153,-092.182574
05,119,003707,2,904,+34.837227,-092.177425
05,119,003710,1,1122,+34.837021,-092.224416
05,119,003710,2,1186,+34.847900,-092.220484
05,119,003710,3,659,+34.842003,-092.224466
05,119,003711,1,3249,+34.843893,-092.201633
05,119,003711,2,813,+34.836323,-092.206937
05,119,003711,3,827,+34.835244,-092.195432
05,119,003712,1,1195,+34.818179,-092.249493
05,119,003712,2,1067,+34.824934,-092.249977
05,119,003712,3,1808,+34.824256,-092.240352
05,119,003713,1,1883,+34.863673,-092.233539
05,119,003713,2,1884,+34.835011,-092.237821
05,119,003800,1,962,+34.825745,-092.175993
05,119,003800,2,1141,+34.788301,-092.195398
05,119,003800,3,1088,+34.797004,-092.201799
05,119,003800,4,694,+34.801476,-092.170221
05,119,003900,1,1581,+34.745045,-092.117648
05,119,003900,2,1790,+34.655746,-092.119751
05,119,004001,1,824,+34.666681,-092.291157
05,119,004001,2,804,+34.708316,-092.225158
05,119,004001,3,1043,+34.703598,-092.254580
05,119,004004,1,1250,+34.597709,-092.283511
05,119,004004,2,1525,+34.601004,-092.315110
05,119,004004,3,968,+34.598238,-092.335690
05,119,004005,1,1213,+34.603037,-092.238549
05,119,004005,2,2175,+34.571592,-092.202196
05,119,004006,1,813,+34.647831,-092.283386
05,119,004006,2,929,+34.628572,-092.289185
05,119,004006,3,1088,+34.628875,-092.326181
05,119,004006,4,842,+34.629172,-092.342175
05,119,004007,1,999,+34.715466,-092.193159
05,119,004007,2,534,+34.657045,-092.226023
05,119,004007,3,1246,+34.643619,-092.236543
05,119,004103,1,2042,+34.673275,-092.352654
05,119,004103,2,812,+34.677067,-092.369638
05,119,004103,3,1047,+34.667359,-092.388142
05,119,004104,1,876,+34.637393,-092.392370
05,119,004104,2,777,+34.633368,-092.428391
05,119,004105,1,2403,+34.660883,-092.368632
05,119,004105,2,1144,+34.667189,-092.373730
05,119,004105,3,2290,+34.646469,-092.369684
05,119,004106,1,2337,+34.649029,-092.356166
05,119,004106,2,1808,+34.659128,-092.353870
05,119,004106,3,1731,+34.664924,-092.354590
05,119,004107,1,2763,+34.672807,-092.336025
05,119,004107,2,789,+34.673173,-092.319866
05,119,004108,1,1297,+34.661435,-092.333057
05,119,004108,2,2108,+34.663326,-092.341358
05,119,004108,3,2203,+34.664124,-092.321242
05,119,004201,1,1503,+34.899228,-092.511065
05,119,004201,2,1049,+34.872867,-092.575739
05,119,004202,1,2213,+34.809140,-092.584235
05,119,004202,2,1496,+34.759762,-092.516671
05,119,004205,1,1926,+34.818792,-092.467143
05,119,004205,2,1816,+34.804051,-092.421583
05,119,004207,1,1974,+34.729002,-092.420563
05,119,004207,2,1841,+34.732850,-092.453801
05,119,004207,3,1078,+34.729171,-092.511986
05,119,004207,4,2345,+34.739037,-092.415613
05,119,004212,1,3285,+34.792364,-092.463192
05,119,004212,2,683,+34.806603,-092.478919
05,119,004212,3,1593,+34.788871,-092.447582
05,119,004213,1,3694,+34.790745,-092.488845
05,119,004214,1,1637,+34.794392,-092.423070
05,119,004214,2,1254,+34.795915,-092.432742
05,119,004215,1,721,+34.781260,-092.406897
05,119,004215,2,1905,+34.789079,-092.413813
05,119,004215,3,1357,+34.794598,-092.407726
05,119,004215,4,1299,+34.781027,-092.419446
05,119,004216,1,2840,+34.761941,-092.440754
05,119,004216,2,875,+34.762476,-092.432876
05,119,004216,3,789,+34.761230,-092.421167
05,119,004216,4,2030,+34.757034,-092.422156
05,119,004218,1,2052,+34.750411,-092.426570
05,119,004218,2,642,+34.747921,-092.414457
05,119,004219,1,1138,+34.785270,-092.434492
05,119,004219,2,4277,+34.771596,-092.428729
05,119,004220,1,3206,+34.666423,-092.429421
05,119,004220,2,782,+34.645660,-092.438215
05,119,004220,3,2376,+34.657673,-092.435219
05,119,004221,1,2026,+34.677079,-092.426194
05,119,004221,2,563,+34.696000,-092.430432
05,119,004221,3,860,+34.692203,-092.460964
05,119,004221,4,690,+34.697333,-092.506108
05,119,004302,1,2152,+34.887670,-092.359074
05,119,004302,2,1187,+34.856832,-092.340934
05,119,004302,3,743,+34.821675,-092.328870
05,119,004302,4,806,+34.840018,-092.324228
05,119,004303,1,2171,+34.835955,-092.406554
05,119,004303,2,7259,+34.838486,-092.382010
05,119,004305,1,4643,+34.862838,-092.421690
05,119,004305,2,1688,+34.876475,-092.400817
05,119,004305,3,1071,+34.891012,-092.414102
05,119,004306,1,1959,+34.869634,-092.408305
05,119,004306,2,3237,+34.856100,-092.412119
05,119,004400,1,1269,+34.742712,-092.269480
05,119,004400,2,337,+34.749512,-092.282273
05,119,004500,1,484,+34.738311,-092.283565
05,119,004500,2,1075,+34.735369,-092.296341
05,119,004500,3,781,+34.739851,-092.295209
05,119,004600,1,797,+34.727982,-092.267953
05,119,004600,2,1317,+34.738898,-092.266985
05,119,004600,3,686,+34.735329,-092.257566
05,119,004700,1,653,+34.733188,-092.273585
05,119,004700,2,507,+34.728329,-092.286865
05,119,004700,3,740,+34.731231,-092.279819
05,119,004700,4,544,+34.734413,-092.284564
05,119,004700,5,1039,+34.727253,-092.278066
05,119,004800,1,489,+34.748653,-092.324454
05,119,004800,2,768,+34.748003,-092.304958
05,119,004800,3,750,+34.748177,-092.310594
05,119,004800,4,587,+34.748013,-092.315246
05,119,004800,5,649,+34.748438,-092.298224
05,119,004900,1,768,+34.779665,-092.345579
05,119,004900,2,644,+34.790030,-092.378882
05,119,004900,3,900,+34.776622,-092.354032
05,119,004900,4,926,+34.770272,-092.349825
05,119,004900,5,830,+34.773501,-092.345723
05,119,004900,6,2212,+34.782416,-092.362623
05,121,960100,1,1169,+36.412436,-090.799537
05,121,960100,2,1035,+36.423350,-090.909665
05,121,960100,3,993,+36.346423,-090.920775
05,121,960100,4,531,+36.317713,-090.815277
05,121,960100,5,578,+36.179812,-090.892189
05,121,960200,1,1909,+36.244031,-091.039769
05,121,960200,2,1051,+36.250140,-091.145402
05,121,960200,3,983,+36.370888,-091.209840
05,121,960200,4,976,+36.431156,-091.047812
05,121,960200,5,1311,+36.331561,-091.016052
05,121,960301,1,861,+36.283945,-090.985982
05,121,960301,2,1203,+36.279428,-090.997832
05,121,960301,3,1736,+36.262682,-090.987929
05,121,960302,1,881,+36.255700,-090.955524
05,121,960302,2,1961,+36.269379,-090.972378
05,121,960302,3,791,+36.253174,-090.980829
05,123,960100,1,501,+35.095299,-090.438560
05,123,960100,2,906,+34.942636,-090.470337
05,123,960100,3,1041,+35.048643,-090.601151
05,123,960100,4,688,+34.952496,-090.468019
05,123,960200,1,1069,+35.126555,-090.817031
05,123,960200,2,1549,+35.068921,-090.813038
05,123,960200,3,932,+34.967705,-090.792186
05,123,960200,4,800,+35.015263,-090.731359
05,123,960200,5,971,+35.104255,-090.733554
05,123,960200,6,1051,+35.070833,-090.766776
05,123,960300,1,930,+34.977072,-090.909521
05,123,960300,2,707,+35.079380,-090.914552
05,123,960300,3,1063,+34.936893,-091.010867
05,123,960400,1,1762,+35.031500,-090.789385
05,123,960400,2,771,+35.016279,-090.792960
05,123,960400,3,755,+35.014284,-090.795888
05,123,960400,4,1203,+35.013555,-090.801203
05,123,960500,1,939,+35.010958,-090.771174
05,123,960500,2,769,+35.021398,-090.762416
05,123,960500,3,680,+35.025729,-090.785236
05,123,960500,4,821,+35.017553,-090.783199
05,123,960600,1,3814,+34.981692,-090.794356
05,123,960600,2,494,+34.999706,-090.792216
05,123,960600,3,824,+34.996897,-090.784780
05,123,960600,4,1619,+34.983261,-090.774508
05,123,960600,5,918,+34.999509,-090.769749
05,123,960600,6,681,+34.996639,-090.806683
05,125,010101,1,1167,+34.571888,-092.577274
05,125,010101,2,1842,+34.562466,-092.578349
05,125,010101,3,875,+34.566697,-092.593057
05,125,010102,1,2404,+34.568390,-092.562103
05,125,010102,2,2702,+34.579201,-092.557918
05,125,010102,3,3426,+34.592430,-092.546690
05,125,010103,1,2754,+34.598123,-092.498824
05,125,010103,2,2530,+34.564497,-092.537652
05,125,010103,3,2546,+34.600703,-092.522201
05,125,010301,1,950,+34.594755,-092.564496
05,125,010301,2,1065,+34.618657,-092.553611
05,125,010301,3,1367,+34.607425,-092.554811
05,125,010302,1,833,+34.611970,-092.582859
05,125,010302,2,2233,+34.590115,-092.578729
05,125,010303,1,990,+34.602325,-092.600324
05,125,010303,2,1774,+34.572162,-092.602682
05,125,010303,3,828,+34.586664,-092.601115
05,125,010404,1,1494,+34.619410,-092.476175
05,125,010404,2,2077,+34.606375,-092.460160
05,125,010404,3,1245,+34.606117,-092.486317
05,125,010404,4,1101,+34.616556,-092.487670
05,125,010404,5,1187,+34.627400,-092.460222
05,125,010405,1,1937,+34.553025,-092.322436
05,125,010405,2,1563,+34.542371,-092.277361
05,125,010405,3,1047,+34.572116,-092.303554
05,125,010406,1,1894,+34.555334,-092.386766
05,125,010406,2,1616,+34.528038,-092.373691
05,125,010406,3,2036,+34.564462,-092.351592
05,125,010407,1,1550,+34.551051,-092.412287
05,125,010407,2,2931,+34.511879,-092.472047
05,125,010408,1,4041,+34.607458,-092.428161
05,125,010408,2,1764,+34.619262,-092.402759
05,125,010409,1,1738,+34.609579,-092.379176
05,125,010409,2,1126,+34.606089,-092.357511
05,125,010503,1,1183,+34.477317,-092.682405
05,125,010503,2,3341,+34.500014,-092.635512
05,125,010503,3,2109,+34.516716,-092.655643
05,125,010506,1,3947,+34.645894,-092.892913
05,125,010506,2,2030,+34.661578,-092.961518
05,125,010506,3,682,+34.725995,-092.811506
05,125,010507,1,1198,+34.731553,-092.594632
05,125,010507,2,1170,+34.651917,-092.673324
05,125,010507,3,583,+34.761119,-092.711223
05,125,010508,1,706,+34.585551,-092.782861
05,125,010508,2,1649,+34.517263,-092.731011
05,125,010508,3,2011,+34.565155,-092.659093
05,125,010509,1,2208,+34.668678,-092.506185
05,125,010509,2,1017,+34.650120,-092.479083
05,125,010510,1,3438,+34.629195,-092.504020
05,125,010510,2,2069,+34.636252,-092.467704
05,125,010510,3,2748,+34.628964,-092.521210
05,125,010511,1,2047,+34.674600,-092.555074
05,125,010511,2,2938,+34.630474,-092.553540
05,125,010512,1,1292,+34.675502,-092.600684
05,125,010512,2,1607,+34.630287,-092.593792
05,125,010600,1,1764,+34.547617,-092.547245
05,125,010600,2,501,+34.487240,-092.554344
05,125,010600,3,796,+34.544082,-092.568108
05,125,010600,4,878,+34.548833,-092.585328
05,125,010600,5,746,+34.556017,-092.592273
05,125,010600,6,1827,+34.558632,-092.600629
05,127,950100,1,606,+35.008763,-094.020427
05,127,950100,2,1260,+35.045151,-094.200771
05,127,950100,3,1810,+34.903993,-094.227327
05,127,950100,4,1267,+34.916279,-094.020837
05,127,950200,1,1671,+34.905519,-094.083981
05,127,950200,2,1385,+34.891401,-094.101614
05,127,950200,3,1215,+34.889272,-094.081899
05,127,950300,1,1153,+34.837524,-093.912831
05,127,950300,2,866,+34.774547,-094.108922
05,129,970100,1,815,+35.863944,-092.811293
05,129,970100,2,767,+36.041353,-092.873401
05,129,970100,3,747,+36.032826,-092.763040
05,129,970200,1,1017,+35.895920,-092.648851
05,129,970200,2,866,+35.916495,-092.641204
05,129,970200,3,776,+35.970891,-092.625382
05,129,970200,4,982,+35.991601,-092.522263
05,129,970300,1,795,+35.800932,-092.686891
05,129,970300,2,757,+35.839827,-092.556292
05,129,970300,3,673,+35.867368,-092.476128
05,131,000100,1,1015,+35.418300,-094.371404
05,131,000100,2,840,+35.416075,-094.379200
05,131,000100,3,950,+35.412681,-094.382293
05,131,000100,4,1145,+35.408855,-094.384714
05,131,000100,5,886,+35.405964,-094.389451
05,131,000100,6,1588,+35.408981,-094.372944
05,131,000200,1,1381,+35.424645,-094.394982
05,131,000200,2,1055,+35.421559,-094.395852
05,131,000200,3,1165,+35.420131,-094.388224
05,131,000200,4,973,+35.413038,-094.400899
05,131,000200,5,502,+35.407894,-094.403782
05,131,000300,1,1438,+35.397063,-094.413156
05,131,000300,2,1202,+35.381697,-094.424442
05,131,000400,1,620,+35.401302,-094.399245
05,131,000400,2,876,+35.394000,-094.407732
05,131,000400,3,495,+35.388582,-094.414503
05,131,000400,4,1624,+35.389204,-094.404883
05,131,000501,1,1708,+35.398113,-094.394192
05,131,000501,2,1189,+35.395935,-094.388983
05,131,000501,3,1041,+35.389448,-094.394203
05,131,000501,4,1258,+35.388903,-094.387271
05,131,000502,1,1290,+35.399248,-094.381751
05,131,000502,2,938,+35.399140,-094.371520
05,131,000502,3,835,+35.388593,-094.379297
05,131,000600,1,1243,+35.384082,-094.365342
05,131,000600,2,1204,+35.375556,-094.368930
05,131,000600,3,1818,+35.365177,-094.356668
05,131,000600,4,795,+35.358490,-094.366995
05,131,000700,1,792,+35.383940,-094.397838
05,131,000700,2,1160,+35.380421,-094.395745
05,131,000700,3,652,+35.382131,-094.388012
05,131,000700,4,677,+35.377063,-094.394661
05,131,000700,5,2959,+35.381368,-094.380614
05,131,000800,1,957,+35.377754,-094.415811
05,131,000800,2,1008,+35.383781,-094.407200
05,131,000800,3,679,+35.381420,-094.409512
05,131,000800,4,814,+35.376041,-094.409564
05,131,000800,5,633,+35.373185,-094.407472
05,131,001001,1,1253,+35.369936,-094.411899
05,131,001001,2,673,+35.366319,-094.405825
05,131,001001,3,1119,+35.364466,-094.412588
05,131,001001,4,788,+35.359116,-094.415673
05,131,001001,5,809,+35.353629,-094.417625
05,131,001002,1,1001,+35.357539,-094.407600
05,131,001002,2,1016,+35.351797,-094.401833
05,131,001101,1,1236,+35.367726,-094.391074
05,131,001101,2,726,+35.370901,-094.377751
05,131,001101,3,1268,+35.362278,-094.379518
05,131,001101,4,795,+35.353238,-094.389245
05,131,001102,1,1198,+35.349371,-094.373727
05,131,001102,2,1248,+35.350341,-094.358672
05,131,001102,3,612,+35.338940,-094.364258
05,131,001201,1,1092,+35.342560,-094.416099
05,131,001201,2,959,+35.348255,-094.414915
05,131,001201,3,1371,+35.342765,-094.401371
05,131,001202,1,1673,+35.334690,-094.419035
05,131,001202,2,807,+35.334544,-094.405640
05,131,001202,3,774,+35.335493,-094.399856
05,131,001301,1,876,+35.363766,-094.344490
05,131,001301,2,691,+35.354031,-094.344830
05,131,001301,3,943,+35.353101,-094.333555
05,131,001302,1,1485,+35.334436,-094.301736
05,131,001302,2,2280,+35.333950,-094.313893
05,131,001302,3,4935,+35.305895,-094.356798
05,131,001303,1,3017,+35.314400,-094.426432
05,131,001303,2,1937,+35.311291,-094.414078
05,131,001303,3,1601,+35.303917,-094.419575
05,131,001304,1,1458,+35.294014,-094.397546
05,131,001304,2,1385,+35.304658,-094.400485
05,131,001304,3,1062,+35.299035,-094.403189
05,131,001304,4,1746,+35.289542,-094.414002
05,131,001304,5,1658,+35.283244,-094.407922
05,131,001305,1,902,+35.350580,-094.326871
05,131,001305,2,955,+35.350395,-094.318092
05,131,001305,3,914,+35.347714,-094.314051
05,131,001305,4,1947,+35.332623,-094.334277
05,131,010101,1,1898,+35.359386,-094.159768
05,131,010101,2,2532,+35.337191,-094.185121
05,131,010101,3,1688,+35.316540,-094.134920
05,131,010102,1,1434,+35.105697,-094.234285
05,131,010102,2,1824,+35.174651,-094.154033
05,131,010102,3,3069,+35.212624,-094.217098
05,131,010201,1,2466,+35.225937,-094.279835
05,131,010201,2,2397,+35.238504,-094.278391
05,131,010202,1,2206,+35.212534,-094.277138
05,131,010202,2,1647,+35.199288,-094.236339
05,131,010301,1,2112,+35.254752,-094.406679
05,131,010301,2,1796,+35.193635,-094.395230
05,131,010301,3,2178,+35.217250,-094.351191
05,131,010302,1,2215,+35.146798,-094.335866
05,131,010302,2,1853,+35.049513,-094.386138
05,131,010302,3,2065,+35.063567,-094.304880
05,131,010302,4,749,+35.056009,-094.249819
05,133,080100,1,2020,+34.113624,-094.327550
05,133,080100,2,1758,+34.036876,-094.243585
05,133,080200,1,1610,+33.947510,-094.353028
05,133,080200,2,1287,+34.035045,-094.401622
05,133,080200,3,1383,+33.947801,-094.294138
05,133,080300,1,2427,+34.039830,-094.357781
05,133,080300,2,1198,+34.036483,-094.332699
05,133,080300,3,1172,+34.051786,-094.333494
05,133,080300,4,1648,+34.039778,-094.342737
05,133,080400,1,1315,+33.968265,-094.163775
05,133,080400,2,1240,+33.867099,-094.135357
05,135,470100,1,1045,+36.375273,-091.366779
05,135,470100,2,798,+36.301449,-091.386177
05,135,470200,1,879,+36.311894,-091.474224
05,135,470200,2,801,+36.322033,-091.531524
05,135,470200,3,759,+36.304059,-091.515666
05,135,470200,4,852,+36.312568,-091.541138
05,135,470200,5,662,+36.300868,-091.543270
05,135,470200,6,742,+36.273456,-091.547723
05,135,470200,7,810,+36.281934,-091.524832
05,135,470300,1,1826,+36.223830,-091.608635
05,135,470300,2,1025,+36.151651,-091.528016
05,135,470300,3,1066,+36.255189,-091.467755
05,135,470400,1,1014,+35.995317,-091.416256
05,135,470400,2,1151,+36.012951,-091.508663
05,135,470400,3,884,+36.070482,-091.623374
05,135,470400,4,721,+35.987257,-091.640303
05,135,470400,5,1495,+35.951670,-091.557780
05,135,470400,6,734,+35.948140,-091.540017
05,137,950100,1,714,+35.979523,-092.191770
05,137,950100,2,1574,+35.903486,-092.303461
05,137,950100,3,680,+35.794775,-092.362632
05,137,950100,4,1035,+35.765116,-092.222994
05,137,950201,1,1657,+35.825091,-091.934654
05,137,950202,1,2287,+35.815946,-092.095048
05,137,950202,2,999,+35.903365,-092.127804
05,137,950202,3,1239,+35.874254,-092.142858
05,137,950202,4,1614,+35.883701,-092.078585
05,137,950202,5,595,+35.872252,-092.110151
05,139,950100,1,1343,+33.189559,-092.379660
05,139,950100,2,898,+33.046255,-092.184376
05,139,950100,3,1288,+33.094565,-092.345417
05,139,950200,1,1136,+33.314619,-092.570105
05,139,950200,2,622,+33.317349,-092.672735
05,139,950200,3,687,+33.318779,-092.661559
05,139,950200,4,638,+33.253356,-092.624068
05,139,950200,5,1155,+33.236754,-092.551425
05,139,950300,1,823,+33.334798,-092.734983
05,139,950300,2,1649,+33.362382,-092.725910
05,139,950400,1,882,+33.282253,-092.894570
05,139,950400,2,1407,+33.261917,-092.709060
05,139,950400,3,1121,+33.196633,-092.748265
05,139,950400,4,1163,+33.149264,-092.831995
05,139,950400,5,1191,+33.041041,-092.796352
05,139,950500,1,1445,+33.136050,-092.505612
05,139,950500,2,1414,+33.157826,-092.622871
05,139,950500,3,2525,+33.155680,-092.712450
05,139,950500,4,872,+33.066643,-092.640905
05,139,950600,1,608,+33.218339,-092.629267
05,139,950600,2,1109,+33.228362,-092.649506
05,139,950600,3,740,+33.236988,-092.658842
05,139,950600,4,639,+33.222645,-092.657518
05,139,950600,5,666,+33.214854,-092.653873
05,139,950700,1,1267,+33.245548,-092.671306
05,139,950700,2,1425,+33.231881,-092.674986
05,139,950700,3,1380,+33.225193,-092.677895
05,139,950700,4,766,+33.218830,-092.676871
05,139,950800,1,877,+33.214734,-092.666202
05,139,950800,2,837,+33.213396,-092.681860
05,139,950800,3,592,+33.212401,-092.674664
05,139,950800,4,1179,+33.216391,-092.700278
05,139,950900,1,1003,+33.206919,-092.664175
05,139,950900,2,1003,+33.202075,-092.691029
05,139,950900,3,599,+33.198299,-092.664473
05,139,951000,1,784,+33.188967,-092.641827
05,139,951000,2,854,+33.201348,-092.634864
05,139,951000,3,733,+33.194558,-092.647681
05,139,951000,4,661,+33.198850,-092.654803
05,139,951000,5,570,+33.205835,-092.652393
05,139,951000,6,1088,+33.209244,-092.642308
05,141,460100,1,2061,+35.682246,-092.420884
05,141,460100,2,1491,+35.686881,-092.577456
05,141,460200,1,1179,+35.522054,-092.639254
05,141,460200,2,1167,+35.596664,-092.505966
05,141,460200,3,1530,+35.539925,-092.481675
05,141,460301,1,1812,+35.630627,-092.294857
05,141,460302,1,744,+35.581063,-092.302193
05,141,460302,2,1020,+35.595329,-092.268195
05,141,460302,3,2130,+35.561756,-092.414400
05,141,460400,1,994,+35.501558,-092.311539
05,141,460400,2,1065,+35.404263,-092.334538
05,141,460400,3,1241,+35.419449,-092.423525
05,141,460400,4,861,+35.492716,-092.433460
05,143,010101,1,1952,+36.199864,-093.978414
05,143,010101,2,1091,+36.191763,-094.069015
05,143,010101,3,959,+36.170552,-094.063714
05,143,010102,1,1404,+36.146328,-093.989599
05,143,010102,2,1341,+36.152600,-094.051196
05,143,010102,3,4902,+36.113398,-094.099339
05,143,010104,1,957,+36.079492,-094.137864
05,143,010104,2,695,+36.070863,-094.146845
05,143,010104,3,1112,+36.070838,-094.153110
05,143,010104,4,3039,+36.069140,-094.133313
05,143,010105,1,2724,+36.051490,-093.984639
05,143,010105,2,2996,+36.059353,-094.077235
05,143,010105,3,2345,+36.078775,-094.112559
05,143,010106,1,795,+36.111345,-094.136124
05,143,010106,2,663,+36.108117,-094.141032
05,143,010106,3,2603,+36.124885,-094.131909
05,143,010106,4,1390,+36.111001,-094.126237
05,143,010107,1,1041,+36.099986,-094.140782
05,143,010107,2,987,+36.098564,-094.126753
05,143,010107,3,2321,+36.089823,-094.131371
05,143,010107,4,1222,+36.087414,-094.147372
05,143,010200,1,3405,+36.198172,-094.111058
05,143,010200,2,3427,+36.201100,-094.130279
05,143,010301,1,1671,+36.173333,-094.129224
05,143,010301,2,4512,+36.161048,-094.125527
05,143,010301,3,1546,+36.146369,-094.133086
05,143,010301,4,1745,+36.156328,-094.139045
05,143,010302,1,1383,+36.176672,-094.122286
05,143,010302,2,3495,+36.171245,-094.102721
05,143,010302,3,5039,+36.158673,-094.106123
05,143,010302,4,3640,+36.175365,-094.104481
05,143,010401,1,1344,+36.198203,-094.144210
05,143,010401,2,1167,+36.200758,-094.154570
05,143,010401,3,1129,+36.192449,-094.158566
05,143,010401,4,1197,+36.193099,-094.151812
05,143,010401,5,1005,+36.191796,-094.141814
05,143,010402,1,925,+36.182651,-094.144103
05,143,010402,2,1101,+36.186680,-094.154163
05,143,010402,3,2470,+36.180012,-094.153817
05,143,010403,1,2607,+36.170957,-094.149537
05,143,010403,2,2608,+36.146659,-094.158798
05,143,010403,3,2317,+36.138881,-094.152316
05,143,010501,1,1539,+36.195500,-094.269269
05,143,010501,2,1411,+36.137449,-094.229999
05,143,010501,3,1819,+36.156740,-094.275463
05,143,010503,1,1237,+36.163266,-094.171732
05,143,010503,2,2713,+36.168511,-094.177932
05,143,010503,3,3726,+36.137571,-094.173844
05,143,010504,1,707,+35.980505,-094.319034
05,143,010504,2,2479,+36.018448,-094.343488
05,143,010504,3,1317,+36.010253,-094.420358
05,143,010504,4,1550,+36.014616,-094.483093
05,143,010504,5,1049,+35.951808,-094.420879
05,143,010506,1,4300,+36.062762,-094.218435
05,143,010506,2,3089,+36.068173,-094.268724
05,143,010506,3,2070,+36.034336,-094.271296
05,143,010507,1,896,+36.083138,-094.204034
05,143,010507,2,4056,+36.099586,-094.208537
05,143,010507,3,1418,+36.084732,-094.210377
05,143,010508,1,1071,+36.105045,-094.262055
05,143,010508,2,1154,+36.090326,-094.297263
05,143,010508,3,816,+36.082994,-094.246792
05,143,010508,4,3119,+36.084675,-094.226496
05,143,010509,1,2415,+36.192272,-094.177999
05,143,010509,2,1689,+36.201108,-094.204184
05,143,010509,3,2691,+36.183178,-094.205830
05,143,010510,1,1341,+36.205958,-094.169107
05,143,010510,2,1271,+36.197035,-094.169795
05,143,010510,3,2077,+36.189455,-094.165793
05,143,010600,1,2353,+36.085112,-094.189644
05,143,010600,2,1882,+36.061306,-094.189731
05,143,010600,3,1044,+36.074248,-094.184293
05,143,010600,4,1206,+36.080927,-094.182040
05,143,010701,1,1494,+36.083039,-094.172568
05,143,010701,2,2216,+36.073212,-094.172000
05,143,010701,3,1528,+36.094723,-094.167827
05,143,010701,4,1366,+36.083586,-094.168608
05,143,010702,1,1542,+36.101150,-094.155811
05,143,010702,2,1048,+36.084048,-094.162261
05,143,010702,3,1032,+36.073408,-094.163220
05,143,010702,4,1248,+36.105555,-094.158113
05,143,011001,1,3000,+36.038835,-094.234599
05,143,011001,2,2357,+36.008602,-094.224354
05,143,011001,3,1635,+35.979490,-094.281212
05,143,011001,4,992,+35.976787,-094.310547
05,143,011002,1,2414,+35.938739,-094.341740
05,143,011002,2,1181,+35.945373,-094.425815
05,143,011002,3,1071,+35.927793,-094.458425
05,143,011003,1,1283,+35.895755,-094.281198
05,143,011003,2,2099,+35.930368,-094.201075
05,143,011003,3,1545,+35.961303,-094.182876
05,143,011004,1,1279,+35.847825,-094.186752
05,143,011004,2,1001,+35.794616,-094.208499
05,143,011004,3,1523,+35.833685,-094.446625
05,143,011101,1,1717,+36.052493,-094.172228
05,143,011101,2,2230,+36.041959,-094.178963
05,143,011101,3,1201,+36.029785,-094.162758
05,143,011101,4,1414,+36.053860,-094.155997
05,143,011102,1,2780,+36.014804,-094.031810
05,143,011102,2,2424,+36.024171,-094.102079
05,143,011102,3,1256,+36.049949,-094.139353
05,143,011103,1,1423,+35.888082,-094.026870
05,143,011103,2,1337,+35.879002,-094.096243
05,143,011103,3,1252,+35.941836,-094.161199
05,143,011200,1,1868,+36.180189,-094.131998
05,143,011300,1,704,+36.061121,-094.164018
05,143,011300,2,961,+36.060616,-094.171239
05,143,011300,3,809,+36.066325,-094.167318
05,143,011300,4,4367,+36.068744,-094.176861
05,143,011300,5,12,+36.059738,-094.182058
05,143,011300,6,679,+36.065379,-094.158729
05,145,070100,1,1432,+35.396264,-091.529920
05,145,070100,2,1716,+35.431542,-091.611058
05,145,070100,3,1417,+35.402668,-091.462733
05,145,070200,1,1607,+35.421646,-091.759237
05,145,070200,2,1979,+35.390024,-091.824884
05,145,070200,3,1512,+35.421468,-091.676539
05,145,070300,1,2194,+35.255666,-091.961289
05,145,070300,2,1266,+35.324148,-092.060765
05,145,070300,3,1827,+35.302962,-091.899694
05,145,070401,1,1484,+35.287567,-091.777802
05,145,070401,2,4200,+35.254672,-091.778687
05,145,070402,1,2050,+35.276117,-091.745708
05,145,070402,2,1354,+35.254148,-091.751447
05,145,070402,3,753,+35.250234,-091.742540
05,145,070500,1,1410,+35.324000,-091.630906
05,145,070500,2,968,+35.277949,-091.627054
05,145,070500,3,1719,+35.279530,-091.647746
05,145,070500,4,2203,+35.304767,-091.683608
05,145,070600,1,1199,+35.294585,-091.569632
05,145,070600,2,1254,+35.328247,-091.575612
05,145,070600,3,710,+35.307136,-091.556590
05,145,070600,4,1036,+35.332174,-091.559923
05,145,070700,1,1369,+35.260631,-091.724451
05,145,070700,2,1867,+35.256199,-091.701115
05,145,070700,3,815,+35.252036,-091.726938
05,145,070800,1,1731,+35.246814,-091.721897
05,145,070800,2,1261,+35.247035,-091.704885
05,145,070800,3,3372,+35.242650,-091.729099
05,145,070900,1,2346,+35.243568,-091.756143
05,145,070900,2,909,+35.219348,-091.751534
05,145,070900,3,1325,+35.230780,-091.761130
05,145,070900,4,3054,+35.231017,-091.790914
05,145,070900,5,614,+35.243468,-091.740966
05,145,071000,1,3405,+35.167804,-091.879497
05,145,071000,2,2270,+35.170654,-091.994150
05,145,071000,3,1341,+35.105262,-092.059661
05,145,071100,1,879,+35.130468,-091.577559
05,145,071100,2,1573,+35.183094,-091.709933
05,145,071100,3,1652,+35.118133,-091.803569
05,145,071100,4,896,+35.220236,-091.649302
05,145,071100,5,1561,+35.235412,-091.673695
05,145,071200,1,2349,+35.070825,-091.866596
05,145,071200,2,2008,+35.063514,-091.891618
05,145,071200,3,3422,+35.081819,-091.933622
05,145,071200,4,847,+35.076001,-091.886268
05,145,071200,5,920,+35.072151,-091.896222
05,147,490100,1,805,+35.256500,-091.223343
05,147,490100,2,686,+35.252642,-091.175224
05,147,490100,3,742,+35.251257,-091.190871
05,147,490100,4,448,+35.000692,-091.256906
05,147,490100,5,1063,+35.133404,-091.145776
05,147,490100,6,742,+35.262460,-091.194466
05,147,490200,1,813,+35.313572,-091.333122
05,147,490200,2,1961,+35.272789,-091.358772
05,149,952301,1,738,+35.156413,-093.149969
05,149,952301,2,1150,+35.209307,-093.149931
05,149,952301,3,1238,+35.214311,-093.156663
05,149,952302,1,2363,+35.235488,-093.178525
05,149,952302,2,578,+35.227604,-093.158747
05,149,952401,1,2078,+35.098733,-093.426907
05,149,952401,2,1102,+35.117260,-093.566721
05,149,952402,1,1665,+35.208478,-093.283968
05,149,952402,2,1815,+35.112260,-093.222152
05,149,952402,3,2035,+35.188982,-093.208787
05,149,952500,1,1081,+35.050482,-093.474712
05,149,952500,2,1529,+35.048583,-093.382378
05,149,952500,3,985,+35.038369,-093.249393
05,149,952500,4,1201,+35.030625,-093.192700
05,149,952600,1,824,+34.972282,-093.497901
05,149,952600,2,786,+34.919982,-093.445371
05,149,952600,3,1017,+34.987206,-093.276713
