STATEFP,COUNTYFP,TRACTCE,BLKGRPCE,POPULATION,LATITUDE,LONGITUDE
54,001,965500,1,773,+39.208651,-080.095213
54,001,965500,2,854,+39.183324,-080.153607
54,001,965500,3,1246,+39.089560,-080.123876
54,001,965500,4,1106,+39.006293,-080.003731
54,001,965600,1,921,+39.150654,-080.060236
54,001,965600,2,659,+39.147848,-080.029729
54,001,965600,3,778,+39.142368,-080.035282
54,001,965600,4,1206,+39.160140,-080.045396
54,001,965700,1,1322,+39.186688,-079.990349
54,001,965700,2,975,+39.221080,-079.900460
54,001,965700,3,1384,+39.101707,-079.928525
54,001,965700,4,1595,+39.113873,-080.000329
54,001,965800,1,1022,+39.030350,-079.945396
54,001,965800,2,842,+39.008456,-079.949678
54,001,965800,3,813,+39.032794,-079.919241
54,001,965800,4,1093,+38.993618,-079.940010
54,003,971101,1,2099,+39.573788,-077.860716
54,003,971101,2,2515,+39.538434,-077.901588
54,003,971102,1,2037,+39.594973,-077.853730
54,003,971102,2,1528,+39.598295,-077.902648
54,003,971102,3,1327,+39.550167,-077.942305
54,003,971102,4,2023,+39.580603,-077.906890
54,003,971102,5,1639,+39.540815,-077.925495
54,003,971201,1,1458,+39.564846,-077.967565
54,003,971201,2,2314,+39.522290,-077.978703
54,003,971201,3,2734,+39.501276,-077.986970
54,003,971201,4,1911,+39.552399,-077.999660
54,003,971201,5,1420,+39.479713,-078.009886
54,003,971202,1,892,+39.565169,-078.103470
54,003,971202,2,1455,+39.588255,-078.030871
54,003,971202,3,1510,+39.548937,-078.088379
54,003,971202,4,1988,+39.529558,-078.060211
54,003,971300,1,2656,+39.489698,-077.932124
54,003,971300,2,1134,+39.508271,-077.916787
54,003,971300,3,2541,+39.482450,-077.968938
54,003,971300,4,2032,+39.501173,-077.949020
54,003,971400,1,1564,+39.494066,-077.865688
54,003,971400,2,1732,+39.476714,-077.943747
54,003,971400,3,2155,+39.457947,-077.933946
54,003,971400,4,2080,+39.446038,-077.886106
54,003,971400,5,1359,+39.469296,-077.939273
54,003,971500,1,852,+39.465980,-077.953849
54,003,971500,2,1114,+39.460706,-077.953893
54,003,971500,3,673,+39.457700,-077.959424
54,003,971500,4,1021,+39.449471,-077.962680
54,003,971600,1,651,+39.464516,-077.963092
54,003,971600,2,1311,+39.469228,-077.973803
54,003,971600,3,1006,+39.464809,-077.982728
54,003,971600,4,890,+39.459788,-077.971755
54,003,971600,5,688,+39.458957,-077.966207
54,003,971700,1,596,+39.452911,-077.968047
54,003,971700,2,613,+39.454645,-077.971394
54,003,971700,3,827,+39.457968,-077.976807
54,003,971700,4,1318,+39.455063,-077.981107
54,003,971700,5,891,+39.450971,-077.974267
54,003,971700,6,602,+39.447227,-077.976627
54,003,971700,7,569,+39.443736,-077.976493
54,003,971800,1,2717,+39.441576,-078.085614
54,003,971800,2,1673,+39.408790,-078.166586
54,003,971800,3,1939,+39.372560,-078.101526
54,003,971800,4,1846,+39.384276,-078.135324
54,003,971900,1,1760,+39.384897,-077.999215
54,003,971900,2,2437,+39.448804,-078.006539
54,003,971900,3,1609,+39.401919,-078.034629
54,003,971900,4,1873,+39.373478,-078.000515
54,003,971900,5,2200,+39.421944,-077.993047
54,003,972000,1,1659,+39.443945,-077.957710
54,003,972000,2,2335,+39.410343,-077.974873
54,003,972000,3,3054,+39.431834,-077.919603
54,003,972000,4,1316,+39.378958,-077.965785
54,003,972000,5,2097,+39.407139,-077.918749
54,003,972000,6,1295,+39.440797,-077.941865
54,003,972101,1,1301,+39.332131,-078.081360
54,003,972101,2,1644,+39.326371,-078.050022
54,003,972101,3,1979,+39.301061,-078.054166
54,003,972102,1,1528,+39.335734,-078.025944
54,003,972102,2,1650,+39.359893,-078.025231
54,003,972102,3,1932,+39.348888,-078.050320
54,003,972102,4,1091,+39.358170,-078.061033
54,003,972102,5,957,+39.357563,-077.990943
54,003,972102,6,2552,+39.340876,-078.010923
54,005,958200,1,2227,+38.142005,-081.790912
54,005,958200,2,821,+38.134790,-081.716553
54,005,958200,3,1137,+38.174690,-081.681275
54,005,958300,1,959,+38.019842,-081.926614
54,005,958300,2,865,+37.979763,-081.877527
54,005,958300,3,642,+37.958993,-081.842150
54,005,958300,4,1526,+38.100181,-081.879801
54,005,958400,1,2145,+38.057422,-081.837030
54,005,958501,1,1311,+38.111660,-081.662422
54,005,958501,2,1927,+38.037043,-081.589254
54,005,958502,1,2780,+38.058477,-081.772848
54,005,958502,2,966,+38.060509,-081.818949
54,005,958600,1,647,+38.003260,-081.538478
54,005,958600,2,1506,+38.127217,-081.609265
54,005,958700,1,2042,+37.905236,-081.668969
54,005,958800,1,2019,+38.007173,-081.783750
54,005,958800,2,1109,+38.002929,-081.838521
54,007,967900,1,1211,+38.852272,-080.651020
54,007,967900,2,1059,+38.770796,-080.717919
54,007,967900,3,1611,+38.721541,-080.649110
54,007,967900,4,1422,+38.741071,-080.561809
54,007,968000,1,929,+38.717894,-080.838548
54,007,968000,2,1440,+38.656709,-080.913227
54,007,968000,3,725,+38.666952,-080.772751
54,007,968000,4,1502,+38.681843,-080.769325
54,007,968100,1,828,+38.672134,-080.701737
54,007,968100,2,656,+38.661585,-080.711395
54,007,968100,3,819,+38.611488,-080.731977
54,007,968100,4,1528,+38.591432,-080.673863
54,007,968100,5,793,+38.577946,-080.883549
54,009,031101,1,1382,+40.389909,-080.549634
54,009,031101,2,1150,+40.370494,-080.559340
54,009,031101,3,1306,+40.394727,-080.607421
54,009,031101,4,1375,+40.393613,-080.599075
54,009,031102,1,1015,+40.327318,-080.548494
54,009,031102,2,1259,+40.331719,-080.569552
54,009,031102,3,1257,+40.337474,-080.586351
54,009,031102,4,982,+40.353827,-080.596934
54,009,031200,1,949,+40.327007,-080.595130
54,009,031200,2,1023,+40.328227,-080.585243
54,009,031200,3,1336,+40.320366,-080.585209
54,009,031400,1,1314,+40.285632,-080.609889
54,009,031400,2,1278,+40.282681,-080.591407
54,009,031400,3,716,+40.293581,-080.581973
54,009,031400,4,996,+40.271861,-080.610792
54,009,031600,1,883,+40.241723,-080.558015
54,009,031600,2,1172,+40.203013,-080.560791
54,009,031600,3,894,+40.266209,-080.570538
54,009,031600,4,926,+40.284681,-080.534699
54,009,031700,1,1022,+40.248650,-080.622156
54,009,031700,2,891,+40.198450,-080.657598
54,009,031700,3,943,+40.217869,-080.612286
54,011,000101,1,744,+38.417094,-082.353542
54,011,000101,2,979,+38.414594,-082.369520
54,011,000102,1,836,+38.406885,-082.368942
54,011,000102,2,1186,+38.405424,-082.381197
54,011,000200,1,841,+38.429104,-082.378027
54,011,000200,2,1286,+38.425718,-082.368141
54,011,000200,3,928,+38.426927,-082.386653
54,011,000300,1,1402,+38.432145,-082.402615
54,011,000300,2,1176,+38.430405,-082.409832
54,011,000400,1,1338,+38.427276,-082.399888
54,011,000400,2,1080,+38.422688,-082.417560
54,011,000500,1,2842,+38.422361,-082.425729
54,011,000600,1,1627,+38.421538,-082.434755
54,011,000900,1,1002,+38.414611,-082.472675
54,011,000900,2,640,+38.416117,-082.462514
54,011,001000,1,656,+38.405743,-082.487749
54,011,001000,2,690,+38.407980,-082.488965
54,011,001000,3,898,+38.409867,-082.492414
54,011,001100,1,846,+38.412889,-082.463561
54,011,001100,2,1201,+38.409829,-082.474111
54,011,001200,1,783,+38.411651,-082.449177
54,011,001200,2,778,+38.410270,-082.454197
54,011,001200,3,1084,+38.408965,-082.459398
54,011,001300,1,1766,+38.411866,-082.439447
54,011,001300,2,974,+38.410187,-082.445057
54,011,001400,1,712,+38.416996,-082.425930
54,011,001400,2,875,+38.413817,-082.433942
54,011,001400,3,962,+38.408755,-082.431600
54,011,001500,1,1407,+38.408330,-082.422574
54,011,001500,2,959,+38.413686,-082.425381
54,011,001600,1,1191,+38.416520,-082.416799
54,011,001800,1,533,+38.417663,-082.401287
54,011,001800,2,702,+38.411975,-082.398733
54,011,001800,3,838,+38.410683,-082.403528
54,011,001800,4,778,+38.410163,-082.408229
54,011,001800,5,1005,+38.416790,-082.409204
54,011,001900,1,628,+38.407123,-082.386747
54,011,001900,2,899,+38.405635,-082.392559
54,011,001900,3,592,+38.406776,-082.401322
54,011,002000,1,894,+38.404619,-082.416902
54,011,002000,2,2300,+38.401757,-082.408487
54,011,002100,1,1352,+38.395445,-082.466118
54,011,002100,2,1113,+38.400618,-082.448995
54,011,002100,3,706,+38.399437,-082.428939
54,011,010102,1,1304,+38.367677,-082.303778
54,011,010102,2,1749,+38.355013,-082.351746
54,011,010102,3,865,+38.364280,-082.393726
54,011,010102,4,824,+38.380540,-082.428358
54,011,010102,5,1312,+38.392959,-082.383847
54,011,010201,1,2130,+38.422018,-082.305443
54,011,010201,2,1852,+38.417795,-082.314928
54,011,010201,3,1666,+38.416663,-082.330018
54,011,010202,1,728,+38.408856,-082.343056
54,011,010202,2,1550,+38.405269,-082.311253
54,011,010202,3,1791,+38.398693,-082.338635
54,011,010300,1,580,+38.458751,-082.307176
54,011,010300,2,586,+38.485672,-082.301218
54,011,010300,3,926,+38.430995,-082.263761
54,011,010300,4,889,+38.441760,-082.305240
54,011,010400,1,844,+38.409145,-082.294080
54,011,010400,2,751,+38.404981,-082.294808
54,011,010400,3,2023,+38.400558,-082.293226
54,011,010400,4,1968,+38.417953,-082.267418
54,011,010400,5,578,+38.407886,-082.263763
54,011,010500,1,1413,+38.301207,-082.273430
54,011,010500,2,3101,+38.355615,-082.257496
54,011,010500,3,1323,+38.363393,-082.201218
54,011,010600,1,1122,+38.390129,-082.099010
54,011,010600,2,899,+38.412670,-082.138090
54,011,010600,3,1059,+38.410234,-082.200675
54,011,010600,4,1009,+38.428544,-082.203051
54,011,010700,1,2269,+38.437541,-082.197999
54,011,010700,2,1837,+38.457175,-082.187885
54,011,010700,3,1207,+38.491251,-082.195236
54,011,010700,4,832,+38.524326,-082.180114
54,011,010700,5,1312,+38.543661,-082.263057
54,011,010800,1,2338,+38.436509,-082.137478
54,011,010800,2,1548,+38.418588,-082.063933
54,011,010800,3,717,+38.450362,-082.084898
54,011,010800,4,1344,+38.422347,-082.107067
54,011,010900,1,765,+38.420493,-082.447336
54,011,010900,2,1279,+38.416901,-082.448758
54,013,962600,1,1139,+38.960443,-081.055343
54,013,962600,2,848,+38.969430,-081.136180
54,013,962600,3,1516,+38.917625,-081.122330
54,013,962700,1,983,+38.848106,-081.117412
54,013,962700,2,1498,+38.799741,-081.120896
54,013,962700,3,1643,+38.698862,-081.082190
54,015,957900,1,1878,+38.575056,-081.002071
54,015,957900,2,1555,+38.518751,-081.135669
54,015,958000,1,1576,+38.469200,-081.205117
54,015,958000,2,1402,+38.471885,-080.998744
54,015,958000,3,557,+38.465791,-081.085430
54,015,958100,1,883,+38.358572,-081.197129
54,015,958100,2,904,+38.328794,-081.159669
54,015,958100,3,631,+38.380755,-081.109911
54,017,965000,1,1040,+39.382436,-080.609842
54,017,965000,2,1017,+39.325955,-080.651518
54,017,965000,3,1038,+39.244405,-080.600554
54,017,965000,4,1009,+39.204611,-080.695061
54,017,965100,1,986,+39.241164,-080.823366
54,017,965100,2,1268,+39.289769,-080.852908
54,017,965100,3,1050,+39.296921,-080.775266
54,017,965100,4,794,+39.316262,-080.744062
54,019,020100,1,1372,+38.079566,-081.133442
54,019,020100,2,1282,+38.046333,-081.080705
54,019,020100,3,1034,+38.055691,-081.101656
54,019,020100,4,1622,+38.037727,-081.108990
54,019,020100,5,936,+38.003482,-081.069193
54,019,020201,1,1210,+38.001385,-081.116486
54,019,020201,2,1802,+37.986772,-081.127174
54,019,020201,3,1356,+37.974935,-081.118885
54,019,020202,1,1438,+38.014479,-081.156488
54,019,020202,2,828,+37.998786,-081.150349
54,019,020202,3,1793,+37.991561,-081.138392
54,019,020300,1,692,+37.981780,-081.158658
54,019,020300,2,1209,+37.980986,-081.151247
54,019,020300,3,1099,+37.974913,-081.148684
54,019,020400,1,1328,+37.970978,-081.169008
54,019,020400,2,1020,+37.947112,-081.171280
54,019,020400,3,1056,+37.935091,-081.151753
54,019,020400,4,1005,+37.944959,-081.132865
54,019,020500,1,701,+37.897913,-081.164462
54,019,020500,2,1316,+37.891035,-081.168905
54,019,020600,1,780,+37.919539,-081.270404
54,019,020600,2,1511,+37.991992,-081.252875
54,019,020700,1,950,+38.181227,-081.323043
54,019,020700,2,494,+38.141632,-081.309316
54,019,020700,3,1567,+38.110909,-081.302373
54,019,020700,4,1223,+38.082921,-081.241304
54,019,020800,1,1827,+38.230642,-081.229932
54,019,020800,2,1726,+38.151305,-081.226957
54,019,020800,3,916,+38.178278,-081.304519
54,019,020800,4,525,+38.152629,-081.288659
54,019,020900,1,1253,+38.141460,-081.118331
54,019,020900,2,1147,+38.156305,-081.080917
54,019,020900,3,988,+38.152478,-081.001786
54,019,020900,4,1042,+38.113702,-081.070368
54,019,021000,1,2183,+38.013982,-080.936503
54,019,021000,2,853,+38.087603,-080.962449
54,019,021100,1,752,+37.915597,-080.976371
54,019,021100,2,1095,+37.885532,-080.902076
54,019,021100,3,1108,+37.881511,-080.835553
54,021,967700,1,748,+38.972482,-080.934672
54,021,967700,2,854,+39.025787,-080.803758
54,021,967700,3,816,+38.864151,-080.865512
54,021,967700,4,719,+38.950419,-080.720053
54,021,967700,5,2439,+38.912624,-080.775334
54,021,967700,6,814,+38.803684,-080.955727
54,021,967800,1,652,+38.942307,-080.835644
54,021,967800,2,1085,+38.940929,-080.821317
54,021,967800,3,566,+38.933770,-080.847638
54,023,969400,1,1039,+39.162073,-079.083223
54,023,969400,2,1003,+39.268408,-079.201947
54,023,969400,3,691,+39.265078,-079.332595
54,023,969400,4,711,+39.103405,-079.245100
54,023,969500,1,1775,+39.088611,-079.155318
54,023,969500,2,2117,+39.002365,-079.181723
54,023,969600,1,861,+38.996676,-079.119912
54,023,969600,2,1375,+38.998933,-079.133689
54,023,969600,3,703,+38.982792,-079.138099
54,023,969600,4,1662,+38.935366,-079.121484
54,025,950100,1,1639,+37.911110,-080.216965
54,025,950100,2,1822,+37.816880,-080.262899
54,025,950100,3,980,+37.799659,-080.299458
54,025,950100,4,842,+37.794422,-080.295836
54,025,950200,1,749,+38.043843,-080.383385
54,025,950200,2,878,+37.989297,-080.692805
54,025,950200,3,897,+38.049549,-080.706302
54,025,950200,4,763,+37.963673,-080.688317
54,025,950200,5,604,+37.988141,-080.579392
54,025,950300,1,910,+38.029739,-080.749554
54,025,950300,2,788,+37.961757,-080.786377
54,025,950300,3,1444,+37.969245,-080.761361
54,025,950300,4,1020,+37.930656,-080.717608
54,025,950400,1,1719,+37.940853,-080.426434
54,025,950400,2,1393,+37.910556,-080.617353
54,025,950400,3,1240,+37.887357,-080.375419
54,025,950400,4,1824,+37.829752,-080.396303
54,025,950400,5,1103,+37.841747,-080.426731
54,025,950500,1,1040,+37.831928,-080.677047
54,025,950500,2,1311,+37.822032,-080.556415
54,025,950500,3,1046,+37.729115,-080.642397
54,025,950600,1,971,+37.802439,-080.459689
54,025,950600,2,1939,+37.801004,-080.427098
54,025,950600,3,683,+37.798880,-080.443262
54,025,950600,4,1251,+37.787305,-080.457991
54,025,950700,1,1071,+37.754418,-080.502776
54,025,950700,2,1489,+37.765726,-080.456641
54,025,950700,3,1500,+37.742238,-080.396771
54,025,950700,4,1174,+37.750992,-080.480669
54,025,950700,5,654,+37.735739,-080.571205
54,025,950700,6,736,+37.725389,-080.463284
54,027,968200,1,1527,+39.421215,-078.458621
54,027,968200,2,1279,+39.309019,-078.555377
54,027,968200,3,947,+39.453026,-078.525533
54,027,968200,4,1645,+39.317072,-078.411990
54,027,968300,1,1198,+39.479444,-078.618879
54,027,968300,2,937,+39.408157,-078.682983
54,027,968300,3,3176,+39.345879,-078.637007
54,027,968400,1,679,+39.472635,-078.687025
54,027,968400,2,1084,+39.280103,-078.887813
54,027,968400,3,973,+39.356256,-078.743264
54,027,968400,4,1485,+39.346875,-078.756608
54,027,968500,1,1627,+39.313699,-078.748314
54,027,968500,2,1938,+39.263846,-078.681779
54,027,968600,1,2164,+39.232609,-078.611585
54,027,968600,2,2110,+39.270830,-078.459367
54,027,968600,3,1195,+39.185715,-078.460905
54,029,020600,1,1464,+40.424034,-080.559481
54,029,020600,2,1331,+40.419956,-080.540940
54,029,020600,3,1462,+40.415370,-080.528828
54,029,020700,1,1054,+40.415720,-080.570887
54,029,020700,2,1057,+40.415913,-080.562988
54,029,020700,3,1495,+40.406115,-080.547539
54,029,020700,4,851,+40.402561,-080.525286
54,029,020900,1,805,+40.614134,-080.600345
54,029,020900,2,644,+40.583077,-080.619779
54,029,020900,3,665,+40.619236,-080.603466
54,029,020900,4,793,+40.556875,-080.576741
54,029,021100,1,951,+40.492860,-080.540180
54,029,021100,2,716,+40.441190,-080.583262
54,029,021100,3,1237,+40.444897,-080.547230
54,029,021100,4,813,+40.557592,-080.537673
54,029,021200,1,733,+40.535163,-080.597801
54,029,021200,2,1195,+40.496246,-080.603411
54,029,021200,3,1059,+40.518887,-080.589859
54,029,021200,4,719,+40.473580,-080.573774
54,029,021300,1,790,+40.402561,-080.601297
54,029,021300,2,844,+40.398106,-080.605725
54,029,021300,3,890,+40.403097,-080.584044
54,029,021300,4,852,+40.404641,-080.592494
54,029,021400,1,619,+40.439799,-080.599141
54,029,021400,2,1384,+40.426237,-080.575682
54,029,021400,3,1124,+40.413194,-080.577566
54,029,021400,4,510,+40.421614,-080.589017
54,029,021500,1,479,+40.608218,-080.536651
54,029,021500,2,1286,+40.594416,-080.568591
54,029,021500,3,1522,+40.615958,-080.552908
54,029,021500,4,1332,+40.611355,-080.566574
54,031,970100,1,1550,+39.045502,-078.610307
54,031,970100,2,1219,+39.088733,-078.673218
54,031,970100,3,2051,+39.146114,-078.921654
54,031,970200,1,901,+39.067445,-078.965887
54,031,970200,2,983,+38.918417,-078.848365
54,031,970200,3,1745,+39.053054,-078.953656
54,031,970200,4,870,+39.065050,-078.919478
54,031,970200,5,611,+39.016238,-078.803557
54,031,970300,1,1124,+39.042718,-079.041922
54,031,970300,2,795,+39.054726,-078.981960
54,031,970300,3,1308,+38.966628,-079.016682
54,031,970300,4,868,+38.842074,-078.888527
54,033,030100,1,1483,+39.283808,-080.348909
54,033,030100,2,760,+39.273404,-080.350299
54,033,030100,3,1122,+39.277163,-080.342609
54,033,030200,1,1138,+39.292555,-080.346651
54,033,030200,2,1641,+39.297785,-080.348065
54,033,030300,1,877,+39.281277,-080.331792
54,033,030300,2,721,+39.285631,-080.329097
54,033,030300,3,790,+39.284395,-080.309597
54,033,030400,1,1349,+39.273349,-080.328019
54,033,030400,2,887,+39.276269,-080.332637
54,033,030400,3,933,+39.269902,-080.334509
54,033,030500,1,751,+39.265882,-080.323542
54,033,030500,2,821,+39.262077,-080.320026
54,033,030500,3,1906,+39.240803,-080.333248
54,033,030500,4,1576,+39.212657,-080.373370
54,033,030601,1,1375,+39.289975,-080.358378
54,033,030601,2,1287,+39.298937,-080.383806
54,033,030602,1,1964,+39.254370,-080.383171
54,033,030602,2,1675,+39.275930,-080.372331
54,033,030602,3,946,+39.279923,-080.357303
54,033,030602,4,1091,+39.275261,-080.356287
54,033,030700,1,1753,+39.287439,-080.451731
54,033,030700,2,879,+39.299703,-080.422246
54,033,030800,1,1170,+39.381260,-080.365854
54,033,030800,2,2044,+39.327918,-080.322536
54,033,030800,3,1562,+39.355474,-080.358527
54,033,031000,1,599,+39.269514,-080.317251
54,033,031000,2,647,+39.270172,-080.307924
54,033,031000,3,1452,+39.253929,-080.308802
54,033,031000,4,753,+39.251103,-080.313753
54,033,031100,1,2349,+39.258244,-080.253711
54,033,031200,1,1245,+39.210265,-080.279805
54,033,031200,2,903,+39.158355,-080.286511
54,033,031300,1,1136,+39.154830,-080.343435
54,033,031300,2,1661,+39.170323,-080.405779
54,033,031400,1,2596,+39.197843,-080.440458
54,033,031500,1,1367,+39.296619,-080.522842
54,033,031600,1,957,+39.287275,-080.570408
54,033,031600,2,882,+39.283956,-080.561062
54,033,031600,3,553,+39.274403,-080.553070
54,033,031700,1,918,+39.418771,-080.451817
54,033,031700,2,1122,+39.391414,-080.483194
54,033,031800,1,682,+39.429945,-080.349726
54,033,031800,2,1742,+39.414584,-080.282535
54,033,031900,1,741,+39.398355,-080.294033
54,033,031900,2,857,+39.394090,-080.298592
54,033,031900,3,603,+39.384904,-080.306327
54,033,032000,1,1204,+39.378022,-080.245207
54,033,032000,2,1571,+39.364177,-080.294644
54,033,032101,1,2827,+39.281636,-080.228617
54,033,032101,2,845,+39.302702,-080.220437
54,033,032102,1,1084,+39.306489,-080.262790
54,033,032102,2,919,+39.295910,-080.245554
54,033,032102,3,1286,+39.291464,-080.265434
54,033,032102,4,1963,+39.296529,-080.260678
54,033,032102,5,1134,+39.290646,-080.250194
54,035,963200,1,1233,+39.036422,-081.730695
54,035,963200,2,918,+38.966883,-081.579234
54,035,963200,3,1648,+38.924668,-081.664098
54,035,963200,4,821,+38.884922,-081.674278
54,035,963300,1,1642,+38.962693,-081.763533
54,035,963300,2,1119,+38.955600,-081.758902
54,035,963300,3,797,+38.951091,-081.762867
54,035,963300,4,1140,+38.946460,-081.745423
54,035,963400,1,1260,+38.913354,-081.767063
54,035,963400,2,1553,+38.881628,-081.813843
54,035,963400,3,1321,+38.864756,-081.852162
54,035,963500,1,1173,+38.828458,-081.752271
54,035,963500,2,1729,+38.808148,-081.788630
54,035,963600,1,805,+38.826770,-081.710636
54,035,963600,2,801,+38.812333,-081.717488
54,035,963600,3,1377,+38.812583,-081.699369
54,035,963600,4,1681,+38.825874,-081.683040
54,035,963700,1,1471,+38.781378,-081.572729
54,035,963700,2,2060,+38.758364,-081.682544
54,035,963700,3,1150,+38.718287,-081.704525
54,035,963700,4,1197,+38.664432,-081.675932
54,035,963700,5,1314,+38.655533,-081.607722
54,035,963700,6,1001,+38.596296,-081.632213
54,037,972201,1,1192,+39.425267,-077.844321
54,037,972201,2,3487,+39.446948,-077.814681
54,037,972203,1,2331,+39.389203,-077.782199
54,037,972204,1,1867,+39.387621,-077.830888
54,037,972204,2,971,+39.431885,-077.805857
54,037,972300,1,898,+39.388567,-077.890976
54,037,972300,2,2036,+39.365062,-077.908174
54,037,972300,3,1582,+39.329428,-077.963656
54,037,972401,1,799,+39.303876,-077.860850
54,037,972401,2,1118,+39.297709,-077.856205
54,037,972401,3,621,+39.295147,-077.864568
54,037,972402,1,2040,+39.319819,-077.848863
54,037,972402,2,2021,+39.315265,-077.874122
54,037,972501,1,4657,+39.280022,-077.897987
54,037,972503,1,3154,+39.309570,-077.829321
54,037,972505,1,929,+39.289875,-077.861978
54,037,972505,2,679,+39.283232,-077.860447
54,037,972505,3,977,+39.286126,-077.853430
54,037,972506,1,3410,+39.273535,-077.842646
54,037,972601,1,2047,+39.316599,-077.761848
54,037,972602,1,1196,+39.355321,-077.772673
54,037,972602,2,2658,+39.331715,-077.795335
54,037,972701,1,1189,+39.293470,-077.758409
54,037,972701,2,668,+39.257831,-077.780531
54,037,972701,3,895,+39.282790,-077.775624
54,037,972702,1,1031,+39.205223,-077.810245
54,037,972702,2,1155,+39.202290,-077.829669
54,037,972702,3,1829,+39.231570,-077.795801
54,037,972800,1,1565,+39.223342,-077.863354
54,037,972800,2,1334,+39.290662,-077.992857
54,037,972800,3,1477,+39.231435,-077.944912
54,037,972800,4,1685,+39.269134,-077.928167
54,039,000100,1,781,+38.373797,-081.669330
54,039,000100,2,580,+38.375267,-081.683019
54,039,000200,1,1468,+38.387000,-081.672807
54,039,000200,2,802,+38.384059,-081.694403
54,039,000300,1,1021,+38.395692,-081.643709
54,039,000300,2,660,+38.382264,-081.645695
54,039,000300,3,698,+38.376188,-081.624233
54,039,000300,4,657,+38.367416,-081.617790
54,039,000500,1,1188,+38.369346,-081.633474
54,039,000500,2,1179,+38.363252,-081.635828
54,039,000600,1,1946,+38.370350,-081.646930
54,039,000600,2,735,+38.371468,-081.656734
54,039,000600,3,720,+38.372103,-081.650777
54,039,000600,4,1003,+38.375491,-081.658169
54,039,000700,1,722,+38.366619,-081.655251
54,039,000700,2,909,+38.363303,-081.656534
54,039,000700,3,855,+38.367540,-081.661780
54,039,000800,1,903,+38.363073,-081.647253
54,039,000800,2,1153,+38.361150,-081.651412
54,039,000900,1,1258,+38.353485,-081.633671
54,039,001100,1,1004,+38.354732,-081.580555
54,039,001100,2,810,+38.356064,-081.603487
54,039,001100,3,1182,+38.350436,-081.616313
54,039,001100,4,729,+38.344561,-081.597047
54,039,001100,5,1048,+38.339539,-081.583873
54,039,001100,6,577,+38.335681,-081.605847
54,039,001200,1,380,+38.346306,-081.623465
54,039,001200,2,1267,+38.343554,-081.618029
54,039,001300,1,622,+38.341780,-081.621429
54,039,001300,2,625,+38.339256,-081.618609
54,039,001300,3,694,+38.344173,-081.628477
54,039,001300,4,591,+38.340445,-081.623965
54,039,001500,1,1207,+38.325697,-081.588150
54,039,001500,2,604,+38.321892,-081.577814
54,039,001500,3,649,+38.317149,-081.570071
54,039,001500,4,1059,+38.329817,-081.597247
54,039,001500,5,986,+38.332790,-081.616160
54,039,001700,1,765,+38.305104,-081.566078
54,039,001700,2,996,+38.318485,-081.579638
54,039,001800,1,601,+38.311049,-081.580610
54,039,001800,2,1049,+38.312181,-081.599409
54,039,001800,3,1127,+38.316392,-081.617146
54,039,001901,1,1128,+38.335472,-081.691681
54,039,001901,2,918,+38.338666,-081.672568
54,039,001901,3,1687,+38.332626,-081.670484
54,039,001902,1,1290,+38.323890,-081.658174
54,039,001902,2,2345,+38.324980,-081.638667
54,039,002000,1,782,+38.342130,-081.655936
54,039,002000,2,618,+38.340489,-081.643592
54,039,002000,3,861,+38.336100,-081.649405
54,039,002000,4,654,+38.344344,-081.644566
54,039,002100,1,1216,+38.345587,-081.661640
54,039,002100,2,1149,+38.348579,-081.667101
54,039,002100,3,987,+38.353133,-081.658150
54,039,002100,4,1350,+38.356215,-081.672266
54,039,010100,1,913,+38.366913,-081.723877
54,039,010100,2,1598,+38.373703,-081.733776
54,039,010100,3,950,+38.375543,-081.723253
54,039,010100,4,641,+38.359798,-081.728809
54,039,010200,1,633,+38.357994,-081.740449
54,039,010200,2,853,+38.362230,-081.752556
54,039,010200,3,689,+38.359247,-081.747170
54,039,010300,1,760,+38.368384,-081.751533
54,039,010300,2,953,+38.365118,-081.746193
54,039,010300,3,719,+38.363126,-081.741676
54,039,010400,1,476,+38.374060,-081.759307
54,039,010400,2,1224,+38.380128,-081.759726
54,039,010500,1,2685,+38.428074,-081.773053
54,039,010500,2,938,+38.406928,-081.778138
54,039,010500,3,1714,+38.416349,-081.755302
54,039,010600,1,1410,+38.409294,-081.827793
54,039,010600,2,629,+38.420942,-081.840961
54,039,010600,3,686,+38.415926,-081.846215
54,039,010600,4,637,+38.413270,-081.842775
54,039,010600,5,1011,+38.403604,-081.842957
54,039,010600,6,1020,+38.394615,-081.829081
54,039,010701,1,2054,+38.428429,-081.798532
54,039,010701,2,1033,+38.422598,-081.804441
54,039,010701,3,2045,+38.438043,-081.780616
54,039,010702,1,1415,+38.436478,-081.760866
54,039,010702,2,1171,+38.441538,-081.747497
54,039,010702,3,2127,+38.418293,-081.704280
54,039,010801,1,1276,+38.552839,-081.674717
54,039,010801,2,1026,+38.512252,-081.718515
54,039,010801,3,1450,+38.492787,-081.659412
54,039,010801,4,1376,+38.478476,-081.660630
54,039,010801,5,1531,+38.469710,-081.684227
54,039,010802,1,2095,+38.531710,-081.602062
54,039,010802,2,1154,+38.483516,-081.597598
54,039,010900,1,1337,+38.434511,-081.653303
54,039,010900,2,1144,+38.445490,-081.604736
54,039,011000,1,813,+38.412021,-081.523759
54,039,011000,2,1826,+38.392273,-081.604557
54,039,011000,3,714,+38.375236,-081.603540
54,039,011000,4,1240,+38.402226,-081.567876
54,039,011100,1,1686,+38.509106,-081.475301
54,039,011100,2,886,+38.441223,-081.548721
54,039,011100,3,2172,+38.450011,-081.463355
54,039,011200,1,909,+38.522984,-081.353642
54,039,011200,2,1609,+38.463902,-081.347262
54,039,011200,3,1037,+38.495918,-081.308326
54,039,011200,4,1064,+38.492902,-081.370566
54,039,011301,1,1218,+38.357768,-081.446402
54,039,011301,2,1945,+38.384322,-081.547002
54,039,011302,1,1192,+38.426059,-081.440950
54,039,011302,2,1028,+38.432832,-081.478664
54,039,011302,3,1956,+38.404750,-081.475892
54,039,011302,4,1699,+38.405971,-081.493207
54,039,011401,1,980,+38.328663,-081.535341
54,039,011401,2,661,+38.341892,-081.511119
54,039,011401,3,561,+38.343786,-081.561756
54,039,011402,1,1426,+38.289010,-081.541821
54,039,011402,2,2433,+38.284725,-081.505056
54,039,011500,1,756,+38.262377,-081.566561
54,039,011500,2,967,+38.296344,-081.560948
54,039,011500,3,1223,+38.276386,-081.567407
54,039,011500,4,1188,+38.231474,-081.539173
54,039,011800,1,1334,+38.244826,-081.365932
54,039,011800,2,662,+38.296475,-081.386773
54,039,011800,3,482,+38.202771,-081.352983
54,039,011800,4,1305,+38.213609,-081.451491
54,039,011800,5,709,+38.212490,-081.420029
54,039,011800,6,956,+38.219913,-081.482459
54,039,012100,1,1199,+38.107385,-081.415731
54,039,012100,2,1717,+38.204020,-081.436042
54,039,012100,3,1816,+38.190964,-081.361409
54,039,012200,1,1529,+38.222371,-081.535120
54,039,012200,2,781,+38.195832,-081.489511
54,039,012200,3,1732,+38.138310,-081.457712
54,039,012200,4,1283,+38.199563,-081.553926
54,039,012300,1,812,+38.249099,-081.567815
54,039,012300,2,802,+38.243028,-081.574052
54,039,012300,3,1993,+38.309318,-081.688215
54,039,012300,4,1784,+38.248729,-081.715225
54,039,012300,5,1504,+38.282280,-081.779456
54,039,012800,1,884,+38.362293,-081.681690
54,039,012800,2,898,+38.358266,-081.689301
54,039,012800,3,1096,+38.355753,-081.683114
54,039,012800,4,1463,+38.353857,-081.690059
54,039,012900,1,727,+38.365253,-081.695265
54,039,012900,2,672,+38.367868,-081.702738
54,039,013000,1,1346,+38.355849,-081.718972
54,039,013000,2,613,+38.352631,-081.728439
54,039,013000,3,2516,+38.337401,-081.723787
54,039,013100,1,1044,+38.349573,-081.748183
54,039,013100,2,2370,+38.341834,-081.744168
54,039,013100,3,1003,+38.352572,-081.738397
54,039,013200,1,877,+38.366147,-081.793411
54,039,013200,2,1973,+38.317881,-081.784415
54,039,013200,3,1153,+38.361091,-081.775795
54,039,013300,1,829,+38.375313,-081.819729
54,039,013300,2,1669,+38.370934,-081.806608
54,039,013400,1,1476,+38.379827,-081.795157
54,039,013400,2,746,+38.378064,-081.801548
54,039,013500,1,1038,+38.384323,-081.816847
54,039,013500,2,1270,+38.380064,-081.813738
54,039,013500,3,645,+38.383609,-081.808645
54,039,013600,1,871,+38.387286,-081.831646
54,039,013600,2,2174,+38.359079,-081.834163
54,039,013600,3,773,+38.382168,-081.828665
54,039,013600,4,859,+38.380436,-081.833433
54,039,013701,1,866,+38.352164,-081.850445
54,039,013701,2,1285,+38.350594,-081.870669
54,039,013702,1,1275,+38.374477,-081.846157
54,039,013702,2,636,+38.371966,-081.861860
54,039,013702,3,1392,+38.389552,-081.869043
54,039,013702,4,1567,+38.379823,-081.861238
54,039,013702,5,819,+38.367949,-081.850449
54,039,013800,1,650,+38.394905,-081.845974
54,039,013800,2,859,+38.402750,-081.854629
54,039,013800,3,972,+38.404465,-081.868280
54,041,967200,1,936,+39.026021,-080.644633
54,041,967200,2,581,+39.086902,-080.577936
54,041,967200,3,936,+39.112572,-080.483033
54,041,967200,4,1097,+39.061796,-080.498736
54,041,967300,1,1708,+39.110798,-080.420841
54,041,967300,2,944,+39.058686,-080.352335
54,041,967300,3,882,+39.025653,-080.400982
54,041,967400,1,1272,+39.056657,-080.442703
54,041,967400,2,1459,+39.033074,-080.465855
54,041,967500,1,1045,+39.058180,-080.473050
54,041,967500,2,793,+39.049286,-080.467664
54,041,967500,3,1305,+39.039298,-080.480636
54,041,967600,1,757,+38.822069,-080.449938
54,041,967600,2,990,+39.001434,-080.539835
54,041,967600,3,1667,+38.926782,-080.457063
54,043,955400,1,1104,+38.248388,-081.840283
54,043,955400,2,1434,+38.285346,-081.837873
54,043,955400,3,1193,+38.260010,-081.923231
54,043,955400,4,1095,+38.230375,-081.977631
54,043,955400,5,939,+38.184980,-081.923654
54,043,955400,6,654,+38.215846,-081.876706
54,043,955500,1,796,+38.292882,-082.058579
54,043,955500,2,1175,+38.297191,-082.118542
54,043,955500,3,871,+38.278078,-082.102384
54,043,955500,4,588,+38.246697,-082.127144
54,043,955600,1,1596,+38.290725,-082.181510
54,043,955600,2,1607,+38.247648,-082.215676
54,043,955600,3,920,+38.186118,-082.207361
54,043,955600,4,559,+38.124056,-082.213981
54,043,955700,1,1557,+38.054991,-082.165798
54,043,955700,2,1328,+38.006280,-082.157754
54,043,955700,3,651,+38.030376,-082.068945
54,043,955800,1,769,+38.148934,-081.986581
54,043,955800,2,607,+38.182719,-082.072144
54,043,955800,3,960,+38.223374,-082.178561
54,043,955800,4,1317,+38.103693,-082.088507
54,045,956101,1,1521,+37.881803,-082.052065
54,045,956101,2,1467,+37.934153,-082.124298
54,045,956101,3,1457,+37.940120,-082.036091
54,045,956101,4,1346,+37.916026,-081.992153
54,045,956101,5,1185,+37.981843,-082.077121
54,045,956102,1,866,+38.007012,-082.000284
54,045,956102,2,1004,+37.968320,-082.014054
54,045,956102,3,1398,+37.983218,-082.023884
54,045,956200,1,2340,+37.832922,-082.066066
54,045,956200,2,1581,+37.858927,-082.007366
54,045,956400,1,1364,+37.759500,-081.864576
54,045,956400,2,1322,+37.820195,-081.916618
54,045,956400,3,982,+37.788815,-081.795394
54,045,956500,1,1087,+37.784674,-081.748594
54,045,956500,2,1093,+37.742403,-081.820692
54,045,956600,1,911,+37.825604,-081.970352
54,045,956600,2,1485,+37.756442,-081.980860
54,045,956600,3,1413,+37.711067,-081.877426
54,045,956600,4,1265,+37.717530,-081.829737
54,045,956700,1,711,+37.726421,-082.020451
54,045,956700,2,596,+37.811342,-082.045029
54,045,956700,3,675,+37.787224,-082.037274
54,045,956700,4,1108,+37.802333,-081.992701
54,045,956700,5,1042,+37.824372,-082.017321
54,045,956800,1,744,+37.924206,-081.856928
54,045,956800,2,606,+37.927957,-081.929955
54,045,956800,3,1833,+37.951104,-081.987462
54,045,956800,4,952,+37.906473,-081.973942
54,045,956800,5,883,+37.961019,-081.924707
54,045,956900,1,1569,+37.857812,-081.969998
54,045,956900,2,937,+37.847886,-081.988707
54,047,953600,1,696,+37.420600,-081.383277
54,047,953600,2,791,+37.393291,-081.393704
54,047,953800,1,930,+37.469625,-081.752401
54,047,953800,2,649,+37.445978,-081.582015
54,047,953800,3,956,+37.481408,-081.659882
54,047,953800,4,708,+37.447399,-081.641986
54,047,953900,1,579,+37.503481,-081.864877
54,047,953900,2,725,+37.482465,-081.945993
54,047,953900,3,920,+37.444652,-081.881151
54,047,954000,1,733,+37.321886,-081.796200
54,047,954000,2,573,+37.358387,-081.878419
54,047,954000,3,507,+37.345771,-081.826421
54,047,954000,4,636,+37.316474,-081.843604
54,047,954200,1,537,+37.252096,-081.580537
54,047,954200,2,1349,+37.272027,-081.662293
54,047,954501,1,879,+37.362804,-081.505381
54,047,954501,2,1242,+37.333264,-081.428787
54,047,954503,1,1863,+37.423655,-081.567560
54,047,954503,2,435,+37.369939,-081.532881
54,047,954503,3,809,+37.450092,-081.549676
54,047,954503,4,720,+37.425235,-081.466035
54,047,954504,1,1231,+37.423494,-081.709485
54,047,954504,2,797,+37.401561,-081.799910
54,047,954504,3,555,+37.352245,-081.770152
54,047,954504,4,533,+37.344987,-081.700645
54,047,954504,5,826,+37.333474,-081.653152
54,047,954504,6,934,+37.316308,-081.727214
54,049,020100,1,727,+39.483313,-080.148467
54,049,020100,2,585,+39.485638,-080.143078
54,049,020200,1,626,+39.486237,-080.156586
54,049,020200,2,933,+39.480766,-080.151874
54,049,020200,3,661,+39.471895,-080.151592
54,049,020200,4,1166,+39.484380,-080.161231
54,049,020300,1,614,+39.478760,-080.154642
54,049,020300,2,645,+39.481202,-080.166505
54,049,020300,3,1025,+39.470907,-080.175172
54,049,020300,4,577,+39.474504,-080.157049
54,049,020300,5,860,+39.475224,-080.164110
54,049,020400,1,1678,+39.485465,-080.186227
54,049,020500,1,538,+39.491991,-080.144054
54,049,020500,2,589,+39.489914,-080.134587
54,049,020500,3,854,+39.494330,-080.150589
54,049,020600,1,986,+39.500989,-080.133166
54,049,020600,2,686,+39.506325,-080.142173
54,049,020700,1,1040,+39.513183,-080.111964
54,049,020700,2,922,+39.488391,-080.114916
54,049,020700,3,869,+39.481703,-080.122253
54,049,020700,4,956,+39.483969,-080.107769
54,049,020800,1,492,+39.471096,-080.140005
54,049,020800,2,738,+39.481113,-080.128473
54,049,020800,3,811,+39.478339,-080.137692
54,049,020800,4,959,+39.475765,-080.129177
54,049,020900,1,763,+39.455389,-080.151016
54,049,020900,2,733,+39.444987,-080.172957
54,049,020900,3,883,+39.462491,-080.116508
54,049,020900,4,1521,+39.447277,-080.148667
54,049,021000,1,1087,+39.509553,-080.083277
54,049,021000,2,1077,+39.480427,-080.059292
54,049,021000,3,1026,+39.447333,-080.020135
54,049,021000,4,1107,+39.428282,-080.076674
54,049,021000,5,978,+39.425427,-080.114398
54,049,021100,1,851,+39.458531,-080.164267
54,049,021100,2,1067,+39.454868,-080.180465
54,049,021100,3,649,+39.463868,-080.169243
54,049,021200,1,1053,+39.461618,-080.195954
54,049,021200,2,1422,+39.434992,-080.230916
54,049,021200,3,2111,+39.411633,-080.176109
54,049,021200,4,847,+39.425090,-080.161663
54,049,021300,1,1456,+39.491044,-080.277590
54,049,021300,2,1150,+39.484084,-080.246660
54,049,021300,3,1143,+39.460370,-080.226110
54,049,021400,1,1133,+39.500914,-080.168077
54,049,021400,2,808,+39.518912,-080.192765
54,049,021500,1,1147,+39.532973,-080.121821
54,049,021500,2,768,+39.554311,-080.118468
54,049,021500,3,811,+39.568275,-080.172215
54,049,021500,4,776,+39.543767,-080.167416
54,049,021600,1,1104,+39.589729,-080.233334
54,049,021600,2,1129,+39.553183,-080.316866
54,049,021600,3,1130,+39.522889,-080.283421
54,049,021600,4,1119,+39.544450,-080.243906
54,049,021700,1,928,+39.543222,-080.350735
54,049,021700,2,1051,+39.524373,-080.339633
54,049,021800,1,897,+39.569078,-080.420818
54,049,021800,2,1112,+39.467956,-080.315886
54,049,021800,3,1044,+39.483569,-080.397905
54,051,020200,1,722,+39.918787,-080.740768
54,051,020200,2,474,+39.923070,-080.744811
54,051,020200,3,923,+39.914841,-080.745548
54,051,020500,1,1132,+40.011043,-080.732689
54,051,020601,1,1027,+39.985855,-080.731585
54,051,020601,2,1276,+39.988399,-080.725231
54,051,020702,1,1426,+39.949142,-080.754189
54,051,020800,1,1072,+40.006224,-080.598004
54,051,020800,2,1068,+39.889742,-080.569869
54,051,020800,3,665,+39.790502,-080.684036
54,051,020800,4,453,+39.830388,-080.576236
54,051,020800,5,760,+39.817016,-080.548839
54,051,020800,6,723,+39.801008,-080.581102
54,051,020900,1,1602,+39.877211,-080.778578
54,051,020900,2,1844,+39.874601,-080.737805
54,051,020900,3,1091,+39.875021,-080.687534
54,051,020900,4,762,+39.767655,-080.786208
54,051,021000,1,962,+39.920960,-080.736349
54,051,021000,2,771,+39.916623,-080.736125
54,051,021000,3,836,+39.921740,-080.731190
54,051,021000,4,645,+39.924580,-080.726140
54,051,021000,5,912,+39.917970,-080.722549
54,051,021000,6,1279,+39.924331,-080.714585
54,051,021000,7,1132,+39.909276,-080.658496
54,051,021100,1,783,+39.926683,-080.738004
54,051,021100,2,749,+39.926689,-080.732116
54,051,021100,3,785,+39.931928,-080.730570
54,051,021100,4,1418,+39.939307,-080.730058
54,051,021100,5,1361,+39.966046,-080.711713
54,051,021300,1,1076,+39.954472,-080.634835
54,051,021300,2,1311,+40.015810,-080.674182
54,051,021300,3,871,+40.026332,-080.707518
54,051,021300,4,1196,+40.009443,-080.707328
54,053,954801,1,2096,+38.984919,-082.041500
54,053,954801,2,1156,+39.015443,-082.032943
54,053,954802,1,1181,+38.986766,-081.976939
54,053,954802,2,1650,+38.968868,-081.966056
54,053,954802,3,1302,+38.876961,-081.976222
54,053,954900,1,1852,+38.896376,-082.077849
54,053,954900,2,1127,+38.854246,-082.116440
54,053,954900,3,1665,+38.833586,-082.039628
54,053,954900,4,1433,+38.785490,-081.924253
54,053,954900,5,1314,+38.716976,-081.891529
54,053,955000,1,1205,+38.877557,-082.118141
54,053,955000,2,858,+38.876858,-082.127168
54,053,955000,3,1070,+38.864715,-082.130523
54,053,955000,4,741,+38.865147,-082.124453
54,053,955000,5,821,+38.843728,-082.135669
54,053,955101,1,1004,+38.783627,-082.186057
54,053,955101,2,818,+38.796969,-082.116774
54,053,955101,3,971,+38.739347,-082.166721
54,053,955102,1,1043,+38.651528,-082.101386
54,053,955102,2,1013,+38.706661,-082.023978
54,053,955102,3,1617,+38.547057,-082.085556
54,053,955102,4,1387,+38.616036,-082.160862
54,055,000900,1,1213,+37.432823,-081.245673
54,055,000900,2,766,+37.469971,-081.157372
54,055,000900,3,1539,+37.524216,-081.058895
54,055,001000,1,1727,+37.434945,-081.092797
54,055,001000,2,1318,+37.422713,-081.176707
54,055,001000,3,910,+37.389059,-081.156540
54,055,001000,4,834,+37.404126,-081.204679
54,055,001100,1,1129,+37.460640,-080.962202
54,055,001100,2,2784,+37.401709,-081.032325
54,055,001100,3,2226,+37.434688,-081.021732
54,055,001200,1,2694,+37.372419,-081.059588
54,055,001200,2,1045,+37.388778,-081.067633
54,055,001300,1,1691,+37.377979,-081.091266
54,055,001300,2,1169,+37.372662,-081.077662
54,055,001300,3,891,+37.366734,-081.091888
54,055,001400,1,709,+37.373709,-081.099631
54,055,001400,2,639,+37.368286,-081.101938
54,055,001400,3,631,+37.363829,-081.105546
54,055,001500,1,1549,+37.350307,-081.172407
54,055,001500,2,1912,+37.371112,-081.124376
54,055,001500,3,1985,+37.380840,-081.104053
54,055,001600,1,980,+37.367563,-081.263041
54,055,001600,2,765,+37.324035,-081.319384
54,055,001700,1,1147,+37.328096,-081.267815
54,055,001700,2,2109,+37.294644,-081.269259
54,055,001700,3,1074,+37.318294,-081.249602
54,055,001700,4,996,+37.301763,-081.232047
54,055,001800,1,1005,+37.358810,-081.123916
54,055,001800,2,557,+37.352651,-081.243854
54,055,001800,3,1324,+37.346362,-081.143671
54,055,001800,4,1340,+37.330145,-081.195102
54,055,001800,5,1548,+37.329975,-081.152655
54,055,001900,1,1237,+37.286485,-081.196033
54,055,001900,2,620,+37.269848,-081.221632
54,055,002000,1,1317,+37.270077,-081.247281
54,055,002000,2,531,+37.261306,-081.227309
54,055,002000,3,986,+37.261575,-081.240689
54,055,002100,1,926,+37.249577,-081.236869
54,055,002100,2,762,+37.251906,-081.228438
54,055,002100,3,1206,+37.251358,-081.221560
54,055,002200,1,1170,+37.265625,-081.211547
54,055,002200,2,1357,+37.255386,-081.216239
54,055,002200,3,1183,+37.259175,-081.203182
54,055,002200,4,939,+37.268077,-081.186258
54,055,002300,1,1481,+37.302300,-081.135473
54,055,002300,2,1198,+37.355577,-081.073739
54,055,002300,3,2250,+37.341032,-081.118659
54,055,002400,1,1644,+37.346859,-081.010322
54,055,002400,2,1251,+37.363871,-080.922658
54,057,010100,1,977,+39.629899,-078.788539
54,057,010100,2,675,+39.643312,-078.771099
54,057,010100,3,1030,+39.613728,-078.773257
54,057,010200,1,1317,+39.538607,-078.807505
54,057,010200,2,2054,+39.529351,-078.828309
54,057,010300,1,1990,+39.570003,-078.764414
54,057,010300,2,1380,+39.498387,-078.766641
54,057,010300,3,1764,+39.504454,-078.766356
54,057,010400,1,1837,+39.432203,-078.898955
54,057,010400,2,1305,+39.371611,-078.914431
54,057,010400,3,1558,+39.316943,-078.974433
54,057,010500,1,625,+39.445500,-078.963381
54,057,010500,2,1080,+39.436163,-078.979304
54,057,010500,3,1534,+39.401711,-078.987958
54,057,010500,4,1687,+39.365027,-079.048030
54,057,010600,1,895,+39.409902,-079.009868
54,057,010600,2,1695,+39.443233,-078.984515
54,057,010600,3,2613,+39.434491,-078.994047
54,057,010700,1,790,+39.361987,-079.159961
54,057,010700,2,1406,+39.453466,-079.061583
54,059,957100,1,1180,+37.904617,-082.199572
54,059,957100,2,1510,+37.883857,-082.308048
54,059,957100,3,777,+37.824118,-082.324365
54,059,957100,4,808,+37.842963,-082.393131
54,059,957200,1,1675,+37.812724,-082.211664
54,059,957200,2,753,+37.787411,-082.306144
54,059,957200,3,1189,+37.756476,-082.180973
54,059,957300,1,1666,+37.725528,-082.283175
54,059,957300,2,1171,+37.718061,-082.167867
54,059,957300,3,1277,+37.687745,-082.145835
54,059,957400,1,1136,+37.667859,-082.258917
54,059,957400,2,1005,+37.690695,-082.275390
54,059,957400,3,1001,+37.674647,-082.289472
54,059,957400,4,790,+37.674698,-082.275033
54,059,957500,1,585,+37.660489,-082.059536
54,059,957500,2,2120,+37.641165,-082.120019
54,059,957500,3,1027,+37.663942,-082.195684
54,059,957600,1,712,+37.611577,-081.946452
54,059,957600,2,606,+37.583763,-082.001742
54,059,957600,3,814,+37.613361,-082.080227
54,059,957600,4,1195,+37.606525,-082.135419
54,059,957700,1,929,+37.645877,-081.903041
54,059,957700,2,1138,+37.624592,-081.847034
54,059,957700,3,887,+37.589975,-081.876614
54,059,957700,4,888,+37.553588,-081.909469
54,061,010101,1,1248,+39.632996,-079.950683
54,061,010101,2,176,+39.632013,-079.952191
54,061,010102,1,2044,+39.636099,-079.949617
54,061,010102,2,679,+39.631697,-079.956940
54,061,010102,3,1436,+39.638756,-079.956797
54,061,010102,4,804,+39.643513,-079.959084
54,061,010102,5,723,+39.640264,-079.959579
54,061,010201,1,852,+39.652712,-079.961378
54,061,010201,2,804,+39.648320,-079.959070
54,061,010201,3,917,+39.645607,-079.942730
54,061,010201,4,1423,+39.652075,-079.947810
54,061,010201,5,882,+39.653974,-079.950420
54,061,010202,1,1075,+39.649512,-079.950090
54,061,010202,2,899,+39.641283,-079.950635
54,061,010202,3,495,+39.648093,-079.945708
54,061,010202,4,627,+39.642582,-079.955380
54,061,010202,5,727,+39.640119,-079.953338
54,061,010400,1,1164,+39.667105,-079.979392
54,061,010400,2,660,+39.655074,-079.979492
54,061,010400,3,608,+39.658696,-079.975392
54,061,010400,4,676,+39.655487,-079.987523
54,061,010400,5,783,+39.660461,-079.981554
54,061,010600,1,1590,+39.662859,-079.957586
54,061,010600,2,964,+39.665175,-079.951320
54,061,010600,3,1567,+39.663399,-079.950950
54,061,010600,4,2058,+39.654483,-079.929917
54,061,010700,1,711,+39.629676,-079.948931
54,061,010700,2,503,+39.633101,-079.942756
54,061,010700,3,706,+39.634458,-079.936780
54,061,010700,4,590,+39.634319,-079.931161
54,061,010700,5,660,+39.631278,-079.949513
54,061,010700,6,679,+39.632884,-079.946696
54,061,010800,1,1168,+39.659905,-079.919538
54,061,010800,2,1101,+39.666566,-079.895216
54,061,010800,3,1183,+39.669754,-079.885964
54,061,010800,4,862,+39.634921,-079.918192
54,061,010901,1,861,+39.623921,-079.957274
54,061,010901,2,786,+39.625531,-079.949313
54,061,010901,3,697,+39.624343,-079.952950
54,061,010901,4,729,+39.625458,-079.948702
54,061,010902,1,721,+39.620973,-079.948546
54,061,010902,2,633,+39.618391,-079.954824
54,061,010902,3,1031,+39.616079,-079.941703
54,061,010902,4,629,+39.617173,-079.927368
54,061,011000,1,1253,+39.609752,-079.950451
54,061,011000,2,900,+39.616503,-079.962489
54,061,011000,3,2506,+39.603709,-079.956842
54,061,011100,1,879,+39.627790,-079.972470
54,061,011100,2,824,+39.633784,-079.970755
54,061,011100,3,859,+39.637309,-079.970229
54,061,011200,1,982,+39.634630,-079.986421
54,061,011200,2,887,+39.647195,-079.991910
54,061,011200,3,811,+39.637191,-079.980131
54,061,011300,1,834,+39.613954,-080.001010
54,061,011300,2,687,+39.593148,-080.020423
54,061,011300,3,580,+39.630476,-080.034487
54,061,011300,4,606,+39.601339,-080.091347
54,061,011300,5,606,+39.600072,-080.118771
54,061,011300,6,676,+39.594855,-080.047680
54,061,011400,1,639,+39.690119,-080.201566
54,061,011400,2,621,+39.709590,-080.243936
54,061,011400,3,796,+39.642739,-080.200574
54,061,011400,4,534,+39.686376,-080.339035
54,061,011400,5,642,+39.644143,-080.304344
54,061,011400,6,597,+39.681571,-080.154114
54,061,011500,1,958,+39.656521,-080.074251
54,061,011500,2,1033,+39.708908,-080.017364
54,061,011500,3,923,+39.676792,-080.063248
54,061,011500,4,784,+39.710030,-080.111782
54,061,011500,5,1010,+39.680472,-080.010808
54,061,011600,1,1070,+39.678893,-079.955005
54,061,011600,2,1753,+39.677645,-079.928968
54,061,011600,3,1136,+39.673463,-079.960005
54,061,011600,4,1138,+39.693966,-079.895692
54,061,011700,1,607,+39.682491,-079.846394
54,061,011700,2,1173,+39.689043,-079.865476
54,061,011700,3,748,+39.676846,-079.828947
54,061,011700,4,820,+39.690958,-079.826672
54,061,011803,1,746,+39.594557,-079.890550
54,061,011803,2,825,+39.601896,-079.903199
54,061,011803,3,802,+39.590899,-079.914190
54,061,011803,4,845,+39.565837,-079.879888
54,061,011804,1,1091,+39.550287,-079.955348
54,061,011804,2,850,+39.568508,-079.934916
54,061,011804,3,842,+39.495573,-079.909838
54,061,011804,4,665,+39.534634,-079.891514
54,061,011805,1,1024,+39.614256,-079.864892
54,061,011805,2,1459,+39.614951,-079.907407
54,061,011805,3,927,+39.618717,-079.893318
54,061,011805,4,846,+39.609150,-079.901997
54,061,011806,1,1155,+39.635287,-079.852161
54,061,011806,2,1576,+39.640590,-079.880383
54,061,011806,3,803,+39.651777,-079.864953
54,061,011806,4,1242,+39.657109,-079.874118
54,061,011900,1,1280,+39.503879,-079.930346
54,061,011900,2,1145,+39.511313,-079.995954
54,061,011900,3,1592,+39.560236,-080.005485
54,061,012000,1,2971,+39.648936,-079.966883
54,061,012000,2,1342,+39.666334,-079.969669
54,061,012000,3,1158,+39.663453,-079.964490
54,063,950100,1,1468,+37.657968,-080.475454
54,063,950100,2,902,+37.606475,-080.375140
54,063,950100,3,747,+37.536783,-080.410764
54,063,950200,1,1128,+37.683186,-080.636022
54,063,950200,2,600,+37.606418,-080.561286
54,063,950200,3,860,+37.584781,-080.532065
54,063,950200,4,795,+37.559760,-080.686588
54,063,950200,5,1130,+37.493425,-080.626986
54,063,950300,1,861,+37.410987,-080.736466
54,063,950300,2,2363,+37.457854,-080.736628
54,063,950300,3,1870,+37.444573,-080.798470
54,063,950300,4,778,+37.403991,-080.791760
54,065,970700,1,2468,+39.622292,-078.075609
54,065,970700,2,1861,+39.656063,-078.160495
54,065,970700,3,2026,+39.598701,-078.188745
54,065,970800,1,1114,+39.639761,-078.208624
54,065,970800,2,1029,+39.623312,-078.239298
54,065,970800,3,453,+39.626253,-078.225618
54,065,970800,4,973,+39.612012,-078.226636
54,065,970900,1,792,+39.579827,-078.313377
54,065,970900,2,1026,+39.563424,-078.373162
54,065,970900,3,744,+39.525738,-078.454663
54,065,971000,1,1331,+39.511420,-078.216504
54,065,971000,2,1943,+39.548744,-078.265667
54,065,971000,3,1781,+39.457173,-078.268363
54,067,950100,1,1613,+38.334462,-080.790986
54,067,950100,2,1501,+38.487133,-080.748654
54,067,950200,1,1473,+38.287330,-080.838242
54,067,950200,2,1290,+38.281330,-080.867796
54,067,950200,3,1271,+38.255220,-080.947247
54,067,950200,4,1070,+38.266325,-080.841869
54,067,950200,5,1418,+38.303793,-080.872795
54,067,950300,1,1566,+38.262593,-081.124998
54,067,950400,1,1234,+38.318013,-080.695697
54,067,950400,2,925,+38.311899,-080.647861
54,067,950400,3,1951,+38.350361,-080.655345
54,067,950400,4,715,+38.329582,-080.625027
54,067,950500,1,532,+38.240249,-080.524061
54,067,950500,2,1075,+38.227513,-080.546594
54,067,950600,1,976,+38.219860,-080.537366
54,067,950600,2,714,+38.227065,-080.611124
54,067,950600,3,1719,+38.209957,-080.731764
54,067,950600,4,1829,+38.241925,-080.717994
54,067,950700,1,566,+38.149159,-080.772121
54,067,950700,2,1361,+38.178735,-080.846953
54,067,950700,3,1434,+38.172947,-080.915484
54,069,000200,1,588,+40.126824,-080.700514
54,069,000200,2,1123,+40.120215,-080.701111
54,069,000200,3,978,+40.114912,-080.697431
54,069,000200,4,707,+40.107726,-080.700501
54,069,000300,1,1224,+40.085990,-080.708275
54,069,000300,2,513,+40.077122,-080.705147
54,069,000400,1,1161,+40.078334,-080.724495
54,069,000500,1,556,+40.078882,-080.732961
54,069,000500,2,860,+40.075232,-080.733851
54,069,000600,1,701,+40.067992,-080.733245
54,069,000600,2,399,+40.067394,-080.730536
54,069,000700,1,153,+40.076285,-080.717267
54,069,000700,2,837,+40.069369,-080.716261
54,069,001300,1,604,+40.047579,-080.716336
54,069,001300,2,801,+40.036981,-080.712942
54,069,001400,1,617,+40.064954,-080.694944
54,069,001400,2,1378,+40.072013,-080.689581
54,069,001400,3,692,+40.068095,-080.685894
54,069,001400,4,772,+40.067687,-080.681654
54,069,001500,1,742,+40.086921,-080.690722
54,069,001500,2,1146,+40.082973,-080.683221
54,069,001500,3,701,+40.078629,-080.690810
54,069,001600,1,650,+40.078735,-080.681358
54,069,001600,2,1665,+40.070690,-080.675336
54,069,001700,1,894,+40.056369,-080.668999
54,069,001700,2,707,+40.051695,-080.659883
54,069,001800,1,950,+40.050380,-080.648738
54,069,001800,2,509,+40.044306,-080.648880
54,069,001800,3,814,+40.034809,-080.646679
54,069,001800,4,997,+40.039224,-080.659378
54,069,001800,5,1364,+40.037074,-080.663956
54,069,001800,6,627,+40.032547,-080.652547
54,069,001901,1,1464,+40.044445,-080.683816
54,069,001901,2,1010,+40.045567,-080.699335
54,069,002000,1,1367,+40.096791,-080.644530
54,069,002000,2,1314,+40.151149,-080.682930
54,069,002000,3,871,+40.127483,-080.672439
54,069,002000,4,1508,+40.132204,-080.640941
54,069,002100,1,2025,+40.093311,-080.599033
54,069,002100,2,2321,+40.159963,-080.590374
54,069,002200,1,1328,+40.070651,-080.585668
54,069,002200,2,1495,+40.043140,-080.567792
54,069,002600,1,455,+40.043823,-080.723758
54,069,002600,2,468,+40.045430,-080.725809
54,069,002600,3,492,+40.035597,-080.725951
54,069,002600,4,825,+40.056659,-080.723214
54,069,002700,1,497,+40.068864,-080.722566
54,069,002700,2,573,+40.064390,-080.716149
54,071,970400,1,953,+38.822356,-079.400566
54,071,970400,2,833,+38.654933,-079.513302
54,071,970500,1,1139,+38.794561,-079.262910
54,071,970500,2,992,+38.645053,-079.335752
54,071,970500,3,786,+38.597286,-079.380765
54,071,970500,4,858,+38.675292,-079.341055
54,071,970600,1,642,+38.679443,-079.192588
54,071,970600,2,1492,+38.546779,-079.294708
54,073,962100,1,872,+39.352237,-081.136835
54,073,962100,2,1335,+39.422654,-081.174625
54,073,962100,3,1242,+39.405311,-081.090813
54,073,962200,1,1113,+39.394058,-081.199831
54,073,962200,2,1082,+39.375084,-081.263176
54,073,962200,3,1032,+39.330472,-081.279454
54,073,962200,4,929,+39.382821,-081.215133
54,075,960101,1,1242,+38.429785,-079.802539
54,075,960102,1,678,+38.553237,-079.806091
54,075,960102,2,575,+38.455700,-079.880012
54,075,960200,1,748,+38.355094,-080.073358
54,075,960200,2,1343,+38.249887,-080.069766
54,075,960200,3,595,+38.281028,-079.922120
54,075,960200,4,1042,+38.176831,-080.063740
54,075,960300,1,818,+38.215622,-080.131286
54,075,960300,2,1678,+38.119917,-080.225149
54,077,963800,1,3652,+39.679691,-079.525245
54,077,963800,2,1189,+39.675893,-079.668462
54,077,963800,3,964,+39.616489,-079.635047
54,077,963800,4,958,+39.597441,-079.691601
54,077,963900,1,911,+39.544155,-079.812716
54,077,963900,2,882,+39.516177,-079.730351
54,077,963900,3,1077,+39.566997,-079.788987
54,077,963900,4,941,+39.527637,-079.793941
54,077,964000,1,959,+39.472186,-079.731747
54,077,964000,2,983,+39.477226,-079.671419
54,077,964000,3,1229,+39.483538,-079.700781
54,077,964000,4,1003,+39.470110,-079.689237
54,077,964100,1,803,+39.562107,-079.541792
54,077,964100,2,798,+39.495443,-079.619409
54,077,964100,3,985,+39.625775,-079.553722
54,077,964100,4,1166,+39.446063,-079.533080
54,077,964100,5,811,+39.481075,-079.519135
54,077,964200,1,927,+39.428446,-079.527118
54,077,964200,2,1005,+39.331991,-079.569354
54,077,964200,3,932,+39.422934,-079.604304
54,077,964200,4,1014,+39.280053,-079.521648
54,077,964300,1,970,+39.453594,-079.688504
54,077,964300,2,827,+39.488053,-079.817396
54,077,964300,3,726,+39.505397,-079.831795
54,077,964300,4,921,+39.446505,-079.780469
54,077,964300,5,905,+39.504087,-079.789012
54,077,964400,1,602,+39.403127,-079.836121
54,077,964400,2,932,+39.463726,-079.859748
54,077,964400,3,800,+39.369028,-079.850476
54,077,964400,4,890,+39.395566,-079.745932
54,077,964500,1,897,+39.328130,-079.690638
54,077,964500,2,892,+39.375570,-079.751312
54,077,964500,3,969,+39.307539,-079.813479
54,079,020100,1,953,+38.622467,-081.750482
54,079,020100,2,1211,+38.601242,-081.837007
54,079,020100,3,1017,+38.538343,-081.865713
54,079,020100,4,1800,+38.516348,-081.815170
54,079,020100,5,689,+38.506725,-081.840713
54,079,020200,1,884,+38.627593,-081.916027
54,079,020200,2,1182,+38.616153,-081.978793
54,079,020200,3,1706,+38.569551,-081.943692
54,079,020200,4,1591,+38.538368,-081.927231
54,079,020300,1,780,+38.587220,-082.017502
54,079,020300,2,1436,+38.508251,-082.018811
54,079,020300,3,2354,+38.478163,-081.968141
54,079,020400,1,1722,+38.517251,-081.878717
54,079,020400,2,1884,+38.527637,-081.880156
54,079,020400,3,1965,+38.475040,-081.893660
54,079,020400,4,792,+38.483357,-081.843235
54,079,020500,1,1287,+38.479297,-081.766560
54,079,020500,2,955,+38.477786,-081.809733
54,079,020500,3,2145,+38.455014,-081.807913
54,079,020500,4,1001,+38.438056,-081.823937
54,079,020500,5,727,+38.429117,-081.836649
54,079,020601,1,1139,+38.448623,-081.876182
54,079,020601,2,1470,+38.451236,-081.918753
54,079,020601,3,2541,+38.445364,-081.918037
54,079,020603,1,1135,+38.424570,-081.898124
54,079,020603,2,1098,+38.424957,-081.961262
54,079,020603,3,1044,+38.427492,-082.031310
54,079,020603,4,993,+38.431218,-082.013018
54,079,020603,5,1068,+38.434965,-082.023522
54,079,020603,6,709,+38.429677,-082.024708
54,079,020603,7,1428,+38.422912,-082.039595
54,079,020604,1,2817,+38.443756,-081.958263
54,079,020605,1,2054,+38.453098,-081.949803
54,079,020605,2,1211,+38.453502,-081.967027
54,079,020605,3,1755,+38.441138,-082.004371
54,079,020605,4,2473,+38.448530,-081.981607
54,079,020700,1,2188,+38.409079,-082.029754
54,079,020700,2,1123,+38.334831,-082.006810
54,079,020700,3,1159,+38.377108,-081.955634
54,081,000200,1,1149,+37.767642,-081.188597
54,081,000200,2,990,+37.776153,-081.189490
54,081,000200,3,934,+37.763644,-081.173995
54,081,000200,4,540,+37.771981,-081.182049
54,081,000300,1,587,+37.749932,-081.168612
54,081,000300,2,1763,+37.769935,-081.157641
54,081,000300,3,921,+37.776465,-081.173035
54,081,000300,4,810,+37.769175,-081.173240
54,081,000400,1,1617,+37.780708,-081.183028
54,081,000400,2,2145,+37.783733,-081.172601
54,081,000500,1,1445,+37.806590,-081.206435
54,081,000500,2,2053,+37.806380,-081.195836
54,081,000500,3,1031,+37.792991,-081.180820
54,081,000600,1,1805,+37.785711,-081.198298
54,081,000600,2,1257,+37.772189,-081.200661
54,081,000600,3,1134,+37.783750,-081.210545
54,081,000700,1,1814,+37.764694,-081.204898
54,081,000700,2,1319,+37.758210,-081.219449
54,081,000802,1,1008,+37.745326,-080.987659
54,081,000802,2,1300,+37.667140,-081.086874
54,081,000802,3,3961,+37.794841,-081.105449
54,081,000803,1,987,+37.736594,-081.078967
54,081,000803,2,3379,+37.702216,-081.081395
54,081,000804,1,1205,+37.739775,-081.148601
54,081,000804,2,1941,+37.736237,-081.125935
54,081,000804,3,964,+37.760375,-081.104380
54,081,000804,4,1134,+37.745633,-081.096634
54,081,000804,5,809,+37.703644,-081.107772
54,081,000900,1,649,+37.644005,-081.271224
54,081,000900,2,683,+37.609341,-081.275560
54,081,000900,3,1489,+37.657226,-081.164680
54,081,000900,4,1301,+37.630442,-081.095872
54,081,000900,5,1043,+37.679679,-081.224853
54,081,000900,6,689,+37.660474,-081.203568
54,081,001001,1,2449,+37.747850,-081.241555
54,081,001001,2,1513,+37.735617,-081.226233
54,081,001001,3,1135,+37.776548,-081.236070
54,081,001002,1,917,+37.706710,-081.241020
54,081,001002,2,2309,+37.712062,-081.255512
54,081,001100,1,956,+37.733347,-081.369753
54,081,001100,2,1974,+37.749749,-081.320550
54,081,001100,3,1958,+37.786961,-081.379040
54,081,001100,4,761,+37.801053,-081.331689
54,081,001200,1,1301,+37.833762,-081.460812
54,081,001200,2,1419,+37.874983,-081.454106
54,081,001200,3,1013,+37.952586,-081.430499
54,081,001200,4,890,+37.895843,-081.349583
54,081,001300,1,1062,+37.795307,-081.242791
54,081,001300,2,1498,+37.808628,-081.264573
54,081,001300,3,2415,+37.811156,-081.224295
54,081,001400,1,854,+37.871475,-081.237303
54,081,001400,2,1022,+37.830270,-081.194137
54,081,001400,3,2060,+37.866272,-081.203447
54,081,001400,4,1359,+37.844466,-081.209636
54,081,001500,1,1453,+37.832321,-081.135307
54,081,001500,2,1017,+37.812533,-081.148430
54,081,001500,3,1668,+37.800317,-081.162639
54,083,965900,1,1800,+38.930747,-079.986460
54,083,965900,2,596,+38.750271,-080.124252
54,083,965900,3,1008,+38.790695,-079.917750
54,083,965900,4,649,+38.876443,-079.968568
54,083,966000,1,1369,+38.934208,-079.876376
54,083,966000,2,993,+38.919044,-079.851048
54,083,966000,3,1069,+38.912785,-079.856121
54,083,966000,4,769,+38.906923,-079.850482
54,083,966100,1,807,+38.934171,-079.858010
54,083,966100,2,960,+38.930658,-079.845256
54,083,966100,3,912,+38.922715,-079.846220
54,083,966100,4,1037,+38.926941,-079.859158
54,083,966200,1,658,+38.938922,-079.865596
54,083,966200,2,1160,+38.960439,-079.846976
54,083,966200,3,776,+38.973032,-079.811621
54,083,966200,4,1141,+38.929841,-079.827345
54,083,966300,1,1080,+39.050210,-079.819349
54,083,966300,2,1039,+38.929330,-079.538210
54,083,966300,3,938,+38.857650,-079.685752
54,083,966400,1,1452,+38.895489,-079.823383
54,083,966400,2,2426,+38.849633,-079.866257
54,083,966400,3,1247,+38.862710,-079.829947
54,083,966400,4,961,+38.791194,-079.880243
54,083,966500,1,2182,+38.711883,-079.983992
54,083,966500,2,1160,+38.731302,-079.938792
54,083,966500,3,591,+38.546418,-080.063293
54,083,966500,4,625,+38.619807,-079.991987
54,085,962300,1,1220,+39.299670,-080.942958
54,085,962300,2,752,+39.291843,-080.971408
54,085,962300,3,1382,+39.289030,-081.057128
54,085,962300,4,814,+39.221851,-080.952490
54,085,962400,1,1235,+39.230106,-081.163990
54,085,962400,2,2023,+39.101553,-081.120565
54,085,962500,1,674,+39.216319,-081.036591
54,085,962500,2,907,+39.208527,-081.057040
54,085,962500,3,823,+39.202437,-081.043968
54,085,962500,4,619,+39.127858,-080.928566
54,087,962800,1,1168,+38.878214,-081.434167
54,087,962800,2,579,+38.849771,-081.318252
54,087,962800,3,827,+38.792508,-081.278612
54,087,962900,1,793,+38.792560,-081.455726
54,087,962900,2,703,+38.688611,-081.483871
54,087,962900,3,1202,+38.725138,-081.386889
54,087,962900,4,583,+38.643693,-081.383886
54,087,962900,5,1181,+38.589156,-081.402125
54,087,963000,1,982,+38.802313,-081.342125
54,087,963000,2,653,+38.814066,-081.361338
54,087,963000,3,1001,+38.806389,-081.369773
54,087,963000,4,1213,+38.794858,-081.358192
54,087,963100,1,702,+38.725654,-081.292353
54,087,963100,2,956,+38.692053,-081.235458
54,087,963100,3,972,+38.607112,-081.182272
54,087,963100,4,1411,+38.572634,-081.282512
54,089,000500,1,1098,+37.747345,-080.835712
54,089,000500,2,954,+37.676233,-080.880483
54,089,000500,3,954,+37.826325,-080.855730
54,089,000600,1,580,+37.700406,-080.740755
54,089,000600,2,2506,+37.684973,-080.700846
54,089,000600,3,1025,+37.609037,-080.793483
54,089,000600,4,627,+37.592969,-080.858621
54,089,000600,5,927,+37.660815,-080.806364
54,089,000700,1,1515,+37.664609,-080.884411
54,089,000800,1,1244,+37.550837,-080.942028
54,089,000800,2,886,+37.674995,-080.954482
54,089,000800,3,1611,+37.628447,-080.985098
54,091,964600,1,938,+39.364838,-079.966040
54,091,964600,2,701,+39.342973,-080.008783
54,091,964600,3,713,+39.355612,-080.029211
54,091,964600,4,543,+39.342809,-080.020797
54,091,964600,5,890,+39.343786,-080.035997
54,091,964600,6,901,+39.409003,-079.970811
54,091,964600,7,720,+39.347855,-079.996587
54,091,964700,1,1125,+39.338442,-080.117291
54,091,964700,2,831,+39.378306,-080.194762
54,091,964700,3,825,+39.385193,-080.164786
54,091,964700,4,1093,+39.334968,-080.185939
54,091,964700,5,616,+39.366053,-080.093099
54,091,964800,1,646,+39.259434,-080.137714
54,091,964800,2,919,+39.321367,-080.060920
54,091,964800,3,869,+39.320722,-080.026934
54,091,964800,4,1076,+39.280907,-080.158637
54,091,964800,5,777,+39.290782,-080.083980
54,091,964800,6,768,+39.335971,-080.031601
54,091,964800,7,24,+39.272496,-080.043647
54,091,964900,1,918,+39.311309,-079.944740
54,091,964900,2,1002,+39.325915,-080.009314
54,093,965200,1,836,+39.151140,-079.503861
54,093,965200,2,1061,+39.181972,-079.690291
54,093,965300,1,727,+39.035993,-079.477559
54,093,965300,2,888,+39.112917,-079.450354
54,093,965300,3,624,+39.082224,-079.633833
54,093,965400,1,1181,+39.098326,-079.697557
54,093,965400,2,880,+39.112482,-079.658357
54,093,965400,3,944,+39.090663,-079.674489
54,095,961800,1,968,+39.597736,-080.938126
54,095,961800,2,810,+39.564181,-080.978926
54,095,961800,3,525,+39.563190,-080.998465
54,095,961800,4,954,+39.548459,-080.992285
54,095,961900,1,1182,+39.529717,-080.859397
54,095,961900,2,1195,+39.491481,-080.906425
54,095,961900,3,545,+39.493996,-080.947753
54,095,961900,4,886,+39.509213,-081.047932
54,095,962000,1,891,+39.437294,-080.760682
54,095,962000,2,1252,+39.405346,-080.898836
54,097,966600,1,1888,+39.055825,-080.191377
54,097,966600,2,1283,+39.023795,-080.266617
54,097,966600,3,1197,+38.965758,-080.288742
54,097,966700,1,1366,+38.990222,-080.229975
54,097,966700,2,2210,+38.988630,-080.219051
54,097,966800,1,1700,+38.984548,-080.206514
54,097,966800,2,898,+38.999827,-080.224145
54,097,966800,3,1271,+38.957210,-080.218135
54,097,966900,1,851,+38.982013,-080.234292
54,097,966900,2,602,+38.980316,-080.222041
54,097,966900,3,1553,+38.959998,-080.244722
54,097,967000,1,994,+38.776826,-080.333631
54,097,967000,2,1033,+38.838541,-080.243803
54,097,967000,3,1741,+38.893323,-080.285611
54,097,967000,4,1152,+38.844226,-080.339355
54,097,967100,1,1361,+39.001722,-080.126480
54,097,967100,2,1383,+38.955405,-080.155314
54,097,967100,3,999,+38.924145,-080.177462
54,097,967100,4,772,+38.848308,-080.158443
54,099,005100,1,2068,+38.402968,-082.512860
54,099,005200,1,1002,+38.401391,-082.502897
54,099,005200,2,1007,+38.398125,-082.515170
54,099,020100,1,1126,+38.387957,-082.525470
54,099,020100,2,1292,+38.384661,-082.521194
54,099,020300,1,697,+38.399012,-082.571168
54,099,020300,2,977,+38.395671,-082.581016
54,099,020300,3,591,+38.399010,-082.584134
54,099,020300,4,617,+38.400926,-082.581914
54,099,020300,5,765,+38.403375,-082.582989
54,099,020300,6,1086,+38.395242,-082.559505
54,099,020400,1,1929,+38.367067,-082.545272
54,099,020400,2,1337,+38.351792,-082.559992
54,099,020400,3,1244,+38.365290,-082.495588
54,099,020400,4,729,+38.353276,-082.444851
54,099,020400,5,993,+38.337408,-082.482179
54,099,020500,1,617,+38.250935,-082.345719
54,099,020500,2,1065,+38.322827,-082.427913
54,099,020500,3,1067,+38.276256,-082.427953
54,099,020500,4,2320,+38.219567,-082.416648
54,099,020600,1,929,+38.338305,-082.499832
54,099,020600,2,1409,+38.315369,-082.466778
54,099,020600,3,741,+38.289281,-082.464246
54,099,020600,4,1979,+38.230620,-082.455814
54,099,020700,1,1795,+38.289534,-082.539602
54,099,020700,2,1427,+38.222732,-082.563764
54,099,020700,3,785,+38.160256,-082.576371
54,099,020800,1,889,+38.139358,-082.507122
54,099,020800,2,1561,+38.080435,-082.480446
54,099,020800,3,1987,+38.109954,-082.572749
54,099,020900,1,1102,+38.176206,-082.313420
54,099,020900,2,780,+38.098823,-082.419955
54,099,020900,3,1170,+38.180834,-082.435305
54,099,021000,1,535,+38.013806,-082.300921
54,099,021000,2,1126,+37.965287,-082.456613
54,099,021000,3,1737,+37.901740,-082.402105
54,101,970100,1,986,+38.636425,-080.391229
54,101,970100,2,1007,+38.540706,-080.441216
54,101,970100,3,1273,+38.415108,-080.513601
54,101,970100,4,1476,+38.465367,-080.545238
54,101,970200,1,1226,+38.484771,-080.398603
54,101,970200,2,917,+38.465692,-080.377665
54,101,970300,1,2269,+38.393094,-080.558071
54,103,004900,1,669,+39.685542,-080.854580
54,103,004900,2,2221,+39.669553,-080.852901
54,103,004900,3,678,+39.680192,-080.859957
54,103,030400,1,925,+39.681405,-080.749004
54,103,030400,2,692,+39.664316,-080.606036
54,103,030400,3,572,+39.694372,-080.495386
54,103,030400,4,856,+39.671750,-080.440635
54,103,030500,1,1175,+39.570907,-080.734331
54,103,030500,2,531,+39.546577,-080.680222
54,103,030500,3,878,+39.598933,-080.619066
54,103,030500,4,788,+39.558064,-080.614167
54,103,030500,5,843,+39.492757,-080.541432
54,103,030700,1,1141,+39.605690,-080.859743
54,103,030700,2,600,+39.635652,-080.860188
54,103,030700,3,730,+39.646684,-080.861730
54,103,030700,4,1866,+39.606065,-080.930223
54,103,030800,1,704,+39.646832,-080.856014
54,103,030800,2,714,+39.633619,-080.821322
54,105,030101,1,2021,+39.067148,-081.431101
54,105,030101,2,1348,+38.985908,-081.414243
54,105,030102,1,1227,+39.125022,-081.376951
54,105,030102,2,1121,+39.027818,-081.311902
54,107,000100,1,1464,+39.294015,-081.530991
54,107,000100,2,1960,+39.289779,-081.518521
54,107,000300,1,2182,+39.280695,-081.533287
54,107,000300,2,779,+39.282164,-081.540507
54,107,000400,1,1268,+39.275017,-081.516558
54,107,000400,2,894,+39.277909,-081.523985
54,107,000500,1,1331,+39.274740,-081.548437
54,107,000500,2,1972,+39.272914,-081.541758
54,107,000500,3,1028,+39.271049,-081.535077
54,107,000701,1,2186,+39.267586,-081.549207
54,107,000701,2,540,+39.262444,-081.538285
54,107,000702,1,926,+39.269348,-081.526756
54,107,000702,2,781,+39.265766,-081.526101
54,107,000801,1,1533,+39.246965,-081.538807
54,107,000802,1,713,+39.236243,-081.520939
54,107,000802,2,1366,+39.229715,-081.532974
54,107,000802,3,1374,+39.239238,-081.534443
54,107,000901,1,1423,+39.249516,-081.550220
54,107,000902,1,844,+39.251355,-081.575478
54,107,000902,2,644,+39.251547,-081.568104
54,107,000903,1,1727,+39.240768,-081.559702
54,107,000903,2,1446,+39.236099,-081.548944
54,107,000903,3,1125,+39.229556,-081.548526
54,107,010101,1,984,+39.354750,-081.490548
54,107,010101,2,959,+39.368136,-081.489694
54,107,010102,1,1007,+39.316327,-081.508622
54,107,010102,2,883,+39.304002,-081.518760
54,107,010200,1,962,+39.397683,-081.444175
54,107,010200,2,672,+39.400891,-081.451567
54,107,010200,3,1334,+39.398596,-081.458575
54,107,010300,1,2401,+39.338951,-081.532511
54,107,010300,2,2111,+39.329048,-081.542459
54,107,010400,1,675,+39.343625,-081.540505
54,107,010400,2,1046,+39.330953,-081.548873
54,107,010501,1,726,+39.321839,-081.546886
54,107,010501,2,888,+39.317248,-081.550031
54,107,010502,1,1268,+39.319321,-081.537108
54,107,010502,2,1167,+39.302223,-081.544527
54,107,010502,3,2027,+39.311677,-081.541524
54,107,010601,1,1152,+39.335226,-081.441105
54,107,010601,2,2091,+39.314948,-081.443921
54,107,010601,3,1642,+39.352263,-081.413985
54,107,010602,1,1079,+39.274429,-081.505489
54,107,010602,2,1295,+39.265123,-081.462460
54,107,010602,3,1050,+39.294793,-081.384257
54,107,010602,4,791,+39.262915,-081.360658
54,107,010701,1,1070,+39.225417,-081.509613
54,107,010701,2,1610,+39.224925,-081.474436
54,107,010701,3,1027,+39.202494,-081.489347
54,107,010701,4,1139,+39.205122,-081.362925
54,107,010701,5,1236,+39.181439,-081.439957
54,107,010702,1,2619,+39.182579,-081.509465
54,107,010702,2,1342,+39.206237,-081.536128
54,107,010702,3,1758,+39.214544,-081.582913
54,107,010702,4,923,+39.155639,-081.537809
54,107,010702,5,1594,+39.155569,-081.483568
54,107,010800,1,915,+39.078048,-081.567193
54,107,010800,2,859,+39.123988,-081.657260
54,107,010800,3,1379,+39.162515,-081.706371
54,107,010901,1,1528,+39.218812,-081.624111
54,107,010901,2,1032,+39.217868,-081.668345
54,107,010901,3,1154,+39.240037,-081.668366
54,107,010901,4,962,+39.241424,-081.635348
54,107,010902,1,1277,+39.256968,-081.630484
54,107,010902,2,872,+39.262659,-081.618225
54,107,010902,3,1820,+39.253640,-081.594082
54,107,011000,1,1985,+39.287507,-081.542737
54,107,011000,2,673,+39.289798,-081.549085
54,107,011000,3,466,+39.267463,-081.558036
54,109,002800,1,1140,+37.711550,-081.518436
54,109,002800,2,1623,+37.676565,-081.459056
54,109,002901,1,2095,+37.742537,-081.610008
54,109,002901,2,2497,+37.675699,-081.702187
54,109,002902,1,709,+37.691729,-081.644981
54,109,002902,2,2190,+37.637002,-081.635413
54,109,002902,3,1039,+37.690240,-081.605376
54,109,003000,1,513,+37.602665,-081.749746
54,109,003000,2,1009,+37.556502,-081.744380
54,109,003000,3,977,+37.551831,-081.817212
54,109,003100,1,1329,+37.541764,-081.614639
54,109,003100,2,1637,+37.635090,-081.529538
54,109,003100,3,613,+37.577418,-081.502636
54,109,003100,4,1514,+37.606134,-081.570994
54,109,003200,1,769,+37.491817,-081.317271
54,109,003200,2,1031,+37.555485,-081.384519
54,109,003200,3,1484,+37.586624,-081.393378
54,109,003200,4,835,+37.596049,-081.365412
54,109,003200,5,792,+37.558212,-081.343414
