STATEFP,COUNTYFP,TRACTCE,BLKGRPCE,POPULATION,LATITUDE,LONGITUDE
16,001,000100,1,1044,+43.622799,-116.203453
16,001,000100,2,877,+43.611794,-116.197439
16,001,000100,3,1976,+43.618028,-116.213632
16,001,000201,1,1731,+43.629314,-116.185345
16,001,000201,2,707,+43.642078,-116.193635
16,001,000201,3,758,+43.628337,-116.188054
16,001,000202,1,1628,+43.654200,-116.212174
16,001,000202,2,1325,+43.668859,-116.239645
16,001,000202,3,1459,+43.651378,-116.181213
16,001,000202,4,1023,+43.646360,-116.199589
16,001,000302,1,1182,+43.658235,-116.246672
16,001,000302,2,2102,+43.652617,-116.245105
16,001,000303,1,2087,+43.652830,-116.258496
16,001,000304,1,2385,+43.672697,-116.273930
16,001,000304,2,2948,+43.661822,-116.257547
16,001,000304,3,1061,+43.669787,-116.261114
16,001,000400,1,856,+43.645689,-116.238072
16,001,000400,2,2129,+43.630252,-116.230605
16,001,000400,3,870,+43.627570,-116.224139
16,001,000400,4,950,+43.624690,-116.221148
16,001,000400,5,1131,+43.643065,-116.243722
16,001,000500,1,1796,+43.648230,-116.228089
16,001,000500,2,616,+43.642970,-116.221666
16,001,000500,3,1076,+43.638610,-116.218305
16,001,000500,4,1451,+43.631628,-116.217361
16,001,000500,5,1018,+43.638880,-116.227468
16,001,000600,1,766,+43.638530,-116.209611
16,001,000600,2,1156,+43.633913,-116.206651
16,001,000600,3,686,+43.631125,-116.204606
16,001,000600,4,750,+43.629257,-116.204121
16,001,000600,5,812,+43.627484,-116.203733
16,001,000600,6,1276,+43.624493,-116.197559
16,001,000701,1,1637,+43.604679,-116.174638
16,001,000701,2,1243,+43.612484,-116.180792
16,001,000701,3,1806,+43.607356,-116.186569
16,001,000702,1,3144,+43.600595,-116.157103
16,001,000802,1,809,+43.586513,-116.188421
16,001,000802,2,817,+43.581891,-116.188637
16,001,000802,3,1427,+43.574565,-116.187251
16,001,000802,4,2344,+43.575404,-116.178413
16,001,000803,1,842,+43.573967,-116.168975
16,001,000803,2,831,+43.569575,-116.168409
16,001,000803,3,941,+43.570952,-116.158687
16,001,000803,4,1740,+43.566230,-116.160423
16,001,000804,1,2743,+43.589632,-116.181258
16,001,000804,2,1564,+43.590090,-116.173492
16,001,000804,3,1297,+43.596165,-116.190727
16,001,000805,1,2239,+43.573423,-116.152200
16,001,000805,2,919,+43.580097,-116.168361
16,001,000900,1,2430,+43.602754,-116.203901
16,001,000900,2,717,+43.597432,-116.198387
16,001,000900,3,1214,+43.594511,-116.200279
16,001,000900,4,1399,+43.585316,-116.197005
16,001,001000,1,1542,+43.610942,-116.222514
16,001,001000,2,1778,+43.603540,-116.223036
16,001,001000,3,1774,+43.603813,-116.234650
16,001,001000,4,903,+43.612767,-116.236567
16,001,001100,1,1564,+43.643659,-116.260117
16,001,001100,2,1436,+43.635062,-116.248915
16,001,001100,3,1093,+43.627458,-116.241710
16,001,001201,1,1965,+43.634663,-116.265068
16,001,001201,2,1519,+43.630306,-116.268998
16,001,001202,1,1131,+43.615573,-116.269196
16,001,001202,2,2566,+43.623022,-116.265933
16,001,001202,3,2694,+43.618323,-116.258260
16,001,001400,1,1495,+43.600530,-116.238620
16,001,001400,2,1257,+43.593719,-116.238451
16,001,001400,3,1069,+43.600109,-116.249140
16,001,001400,4,1561,+43.593936,-116.249440
16,001,001500,1,1463,+43.597364,-116.214901
16,001,001500,2,943,+43.591639,-116.214997
16,001,001500,3,1088,+43.593493,-116.228502
16,001,001600,1,1246,+43.583020,-116.203890
16,001,001600,2,2183,+43.575544,-116.205852
16,001,001600,3,738,+43.585683,-116.211228
16,001,001700,1,918,+43.587201,-116.218465
16,001,001700,2,1635,+43.580014,-116.216211
16,001,001700,3,1484,+43.585874,-116.228996
16,001,001700,4,1678,+43.580903,-116.222645
16,001,001800,1,1248,+43.576510,-116.228114
16,001,001800,2,1424,+43.579538,-116.239549
16,001,001800,3,1813,+43.584008,-116.248587
16,001,001900,1,2800,+43.589771,-116.260849
16,001,001900,2,1002,+43.593466,-116.269708
16,001,001900,3,1268,+43.597270,-116.279746
16,001,002000,1,772,+43.609349,-116.247258
16,001,002000,2,3102,+43.606834,-116.264614
16,001,002000,3,1063,+43.598922,-116.262117
16,001,002000,4,809,+43.600031,-116.258021
16,001,002100,1,505,+43.567711,-116.261869
16,001,002100,2,1302,+43.556220,-116.267817
16,001,002221,1,2968,+43.568732,-116.324988
16,001,002221,2,1719,+43.567792,-116.305870
16,001,002221,3,3898,+43.562281,-116.283493
16,001,002222,1,5144,+43.552865,-116.316306
16,001,002223,1,4228,+43.585874,-116.324654
16,001,002224,1,1239,+43.585795,-116.287021
16,001,002224,2,3391,+43.581608,-116.304306
16,001,002224,3,1007,+43.591975,-116.305214
16,001,002302,1,1281,+43.630448,-116.288786
16,001,002302,2,3261,+43.613150,-116.286934
16,001,002302,3,1077,+43.623581,-116.289094
16,001,002302,4,2233,+43.628608,-116.279179
16,001,002310,1,1918,+43.601023,-116.323847
16,001,002310,2,2816,+43.615618,-116.322642
16,001,002310,3,2688,+43.626269,-116.327835
16,001,002310,4,1891,+43.626918,-116.316968
16,001,002312,1,3233,+43.624269,-116.304822
16,001,002312,2,2045,+43.630858,-116.304953
16,001,002313,1,2643,+43.613677,-116.302731
16,001,002313,2,1350,+43.602035,-116.302706
16,001,002410,1,1428,+43.649252,-116.289419
16,001,002410,2,1891,+43.640174,-116.281858
16,001,002410,3,1668,+43.639115,-116.290258
16,001,002410,4,2064,+43.653189,-116.307909
16,001,002411,1,1433,+43.644841,-116.307003
16,001,002411,2,1506,+43.642863,-116.297716
16,001,002411,3,2330,+43.637634,-116.305000
16,001,002412,1,1661,+43.660657,-116.299248
16,001,002412,2,1669,+43.657376,-116.289090
16,001,002413,1,2728,+43.637080,-116.324196
16,001,002413,2,2748,+43.653462,-116.326666
16,001,002413,3,1870,+43.643595,-116.319043
16,001,002413,4,899,+43.644689,-116.330282
16,001,010100,1,5850,+43.664008,-116.213770
16,001,010201,1,1713,+43.738651,-116.378494
16,001,010201,2,5943,+43.708268,-116.488989
16,001,010201,3,1734,+43.689333,-116.481629
16,001,010221,1,4925,+43.699370,-116.381034
16,001,010221,2,1244,+43.701029,-116.362288
16,001,010223,1,2441,+43.679209,-116.285621
16,001,010223,2,3820,+43.675787,-116.299678
16,001,010224,1,4381,+43.711409,-116.330704
16,001,010225,1,3471,+43.695653,-116.324259
16,001,010225,2,3101,+43.700931,-116.344408
16,001,010225,3,1540,+43.684834,-116.345859
16,001,010313,1,4559,+43.576879,-116.417553
16,001,010313,2,4489,+43.580614,-116.382055
16,001,010313,3,10156,+43.572832,-116.354883
16,001,010321,1,4808,+43.606089,-116.356564
16,001,010321,2,2319,+43.615595,-116.383010
16,001,010322,1,2173,+43.615306,-116.403694
16,001,010322,2,1511,+43.610280,-116.403610
16,001,010322,3,3226,+43.599996,-116.405512
16,001,010331,1,9539,+43.658314,-116.375322
16,001,010331,2,3922,+43.654923,-116.346819
16,001,010331,3,5989,+43.636638,-116.343036
16,001,010332,1,10236,+43.637225,-116.394952
16,001,010332,2,1323,+43.623146,-116.408679
16,001,010333,1,2296,+43.623794,-116.385561
16,001,010333,2,2678,+43.626279,-116.367014
16,001,010333,3,2977,+43.629959,-116.383759
16,001,010333,4,2786,+43.640488,-116.365543
16,001,010334,1,2798,+43.614894,-116.446779
16,001,010334,2,3345,+43.612107,-116.423397
16,001,010335,1,8826,+43.650374,-116.428012
16,001,010335,2,2242,+43.622419,-116.422957
16,001,010335,3,5645,+43.627536,-116.446812
16,001,010335,4,3394,+43.629674,-116.423243
16,001,010401,1,2479,+43.501384,-116.371565
16,001,010401,2,8647,+43.508849,-116.424513
16,001,010401,3,3959,+43.489388,-116.414430
16,001,010401,4,3856,+43.497304,-116.423949
16,001,010402,1,8601,+43.541523,-116.295777
16,001,010402,2,2128,+43.534549,-116.325396
16,001,010501,1,7467,+43.469356,-116.260886
16,001,010503,1,3913,+43.539108,-116.130346
16,001,010504,1,4019,+43.553409,-116.130550
16,001,010504,2,2405,+43.560668,-116.161075
16,003,950100,1,1749,+44.998071,-116.281845
16,003,950200,1,1569,+44.749800,-116.461338
16,003,950200,2,658,+44.687002,-116.421338
16,005,000200,1,1032,+42.857424,-112.332184
16,005,000200,2,1424,+42.805440,-112.229676
16,005,000200,3,1208,+42.789092,-112.374607
16,005,000300,1,3216,+42.922720,-112.452541
16,005,000300,2,1062,+42.938732,-112.470591
16,005,000300,3,2258,+42.914958,-112.462199
16,005,000300,4,2516,+42.927469,-112.471198
16,005,000400,1,3112,+42.921014,-112.489452
16,005,000400,2,2398,+42.924399,-112.484733
16,005,000500,1,1857,+42.952571,-112.477928
16,005,000600,1,1819,+42.833828,-112.398229
16,005,000600,2,1809,+42.862852,-112.407966
16,005,000700,1,1890,+42.857787,-112.423535
16,005,000700,2,1203,+42.866430,-112.437155
16,005,000700,3,1197,+42.869568,-112.428928
16,005,000800,1,2916,+42.855094,-112.433484
16,005,000900,1,1790,+42.873454,-112.440627
16,005,000900,2,507,+42.870856,-112.445310
16,005,001000,1,1414,+42.883022,-112.433503
16,005,001000,2,915,+42.884411,-112.439460
16,005,001000,3,827,+42.877090,-112.436014
16,005,001101,1,3019,+42.912464,-112.414079
16,005,001101,2,1886,+42.903904,-112.421150
16,005,001101,3,1359,+42.905836,-112.431992
16,005,001101,4,1176,+42.912492,-112.418575
16,005,001102,1,1080,+42.890757,-112.437283
16,005,001102,2,1794,+42.889093,-112.420567
16,005,001102,3,734,+42.896516,-112.423878
16,005,001200,1,791,+42.894040,-112.446839
16,005,001200,2,844,+42.900888,-112.448552
16,005,001200,3,1427,+42.900785,-112.442499
16,005,001300,1,988,+42.887862,-112.445036
16,005,001300,2,763,+42.883681,-112.447741
16,005,001300,3,896,+42.879719,-112.444935
16,005,001400,1,857,+42.893442,-112.460254
16,005,001400,2,864,+42.895733,-112.454705
16,005,001400,3,598,+42.889373,-112.460899
16,005,001400,4,994,+42.881121,-112.456107
16,005,001400,5,1099,+42.885144,-112.460904
16,005,001500,1,829,+42.897255,-112.482687
16,005,001500,2,1779,+42.909091,-112.487266
16,005,001500,3,925,+42.903269,-112.484260
16,005,001500,4,704,+42.902963,-112.470888
16,005,001500,5,944,+42.897228,-112.471102
16,005,001601,1,1344,+42.870974,-112.463354
16,005,001601,2,1372,+42.864433,-112.457626
16,005,001602,1,1711,+42.868845,-112.468417
16,005,001602,2,755,+42.859829,-112.466129
16,005,001602,3,1488,+42.862536,-112.475113
16,005,001603,1,771,+42.857480,-112.453916
16,005,001603,2,1846,+42.850382,-112.444688
16,005,001700,1,2639,+42.818507,-112.416810
16,005,001700,2,790,+42.826631,-112.414278
16,005,001900,1,1750,+42.679213,-112.202827
16,005,001900,2,847,+42.571781,-112.201692
16,005,001900,3,1103,+42.618899,-112.032785
16,005,001900,4,1308,+42.431857,-112.129204
16,005,940000,1,1053,+42.974241,-112.493076
16,005,940000,2,1064,+42.999572,-112.428262
16,005,981800,1,278,+42.862742,-112.484001
16,007,950100,1,793,+42.327144,-111.310960
16,007,950100,2,679,+42.316323,-111.305295
16,007,950100,3,933,+42.346461,-111.296883
16,007,950100,4,1034,+42.279312,-111.260540
16,007,950200,1,762,+42.103188,-111.410758
16,007,950200,2,818,+42.498148,-111.411027
16,007,950200,3,967,+42.270268,-111.408973
16,009,940000,1,738,+47.146781,-116.887543
16,009,940000,2,802,+47.317870,-116.587280
16,009,940000,3,1151,+47.302645,-116.797783
16,009,940000,4,831,+47.352888,-116.627032
16,009,940000,5,1014,+47.331762,-116.885041
16,009,950100,1,1553,+47.231012,-116.456324
16,009,950100,2,908,+47.314461,-116.569746
16,009,950100,3,1413,+47.302123,-116.562254
16,009,950100,4,875,+47.125958,-116.522312
16,011,940000,1,1314,+43.120418,-112.380766
16,011,940000,2,1516,+43.043515,-112.440549
16,011,950100,1,1784,+43.377235,-112.076125
16,011,950100,2,1803,+43.376343,-112.119327
16,011,950100,3,2749,+43.396860,-112.131524
16,011,950100,4,1867,+43.372442,-112.140271
16,011,950200,1,1559,+43.318409,-112.093205
16,011,950200,2,763,+43.276937,-112.202186
16,011,950200,3,1510,+43.311604,-112.179625
16,011,950300,1,1504,+43.290531,-112.464535
16,011,950300,2,1175,+43.138872,-112.689491
16,011,950300,3,907,+43.018395,-112.785035
16,011,950300,4,1298,+42.944470,-112.843113
16,011,950300,5,1030,+42.930880,-112.838065
16,011,950400,1,2142,+43.205815,-112.279070
16,011,950400,2,1395,+43.195268,-112.327041
16,011,950400,3,704,+43.187168,-112.339756
16,011,950400,4,1388,+43.182008,-112.343714
16,011,950400,5,1254,+43.175908,-112.346012
16,011,950500,1,2526,+43.210632,-112.328248
16,011,950500,2,1845,+43.195751,-112.351299
16,011,950500,3,1816,+43.186670,-112.358969
16,011,950500,4,1624,+43.175861,-112.375573
16,011,950600,1,1405,+43.253057,-112.335209
16,011,950600,2,1550,+43.230785,-112.405733
16,011,950600,3,953,+43.220511,-112.449203
16,011,950600,4,1403,+43.214653,-112.378195
16,011,950700,1,1815,+43.197366,-112.446460
16,011,950700,2,2052,+43.181574,-112.463772
16,011,950700,3,956,+43.113417,-112.579107
16,013,960100,1,1042,+43.286355,-113.919679
16,013,960100,2,1350,+43.380947,-114.219149
16,013,960100,3,1643,+43.476682,-114.301311
16,013,960100,4,843,+43.516492,-114.311676
16,013,960200,1,1724,+43.528599,-114.319314
16,013,960200,2,2656,+43.549496,-114.300925
16,013,960200,3,4354,+43.497542,-114.282952
16,013,960200,4,1144,+43.465060,-114.256843
16,013,960300,1,1111,+43.711893,-114.389475
16,013,960300,2,943,+43.689236,-114.452832
16,013,960300,3,1622,+43.679981,-114.371187
16,013,960500,1,1692,+43.633940,-114.342868
16,013,960500,2,1252,+43.683293,-114.324422
16,015,950200,1,1863,+44.135476,-115.914844
16,015,950200,2,1928,+43.922565,-116.165460
16,015,950200,3,1335,+43.838933,-115.855334
16,015,950200,4,1902,+43.688239,-115.993791
16,017,950100,1,1181,+48.223392,-116.248496
16,017,950100,2,1217,+48.124155,-116.156324
16,017,950200,1,1456,+48.442934,-116.488457
16,017,950200,2,1213,+48.404736,-116.376045
16,017,950200,3,1136,+48.320950,-116.424425
16,017,950200,4,1281,+48.349142,-116.494746
16,017,950200,5,1665,+48.316394,-116.526625
16,017,950200,6,1726,+48.302258,-116.537170
16,017,950300,1,1473,+48.279967,-116.562978
16,017,950300,2,576,+48.275359,-116.553449
16,017,950300,3,757,+48.274037,-116.563047
16,017,950300,4,561,+48.269027,-116.552416
16,017,950400,1,1222,+48.364292,-116.584141
16,017,950400,2,786,+48.280453,-116.612557
16,017,950400,3,1661,+48.279624,-116.572040
16,017,950400,4,932,+48.232860,-116.710191
16,017,950400,5,1484,+48.263873,-116.582919
16,017,950400,6,772,+48.267194,-116.561668
16,017,950500,1,956,+48.186231,-116.906845
16,017,950500,2,846,+48.192543,-116.840685
16,017,950500,3,795,+48.197197,-116.969032
16,017,950500,4,756,+48.185791,-116.916451
16,017,950600,1,262,+48.616722,-116.907990
16,017,950600,2,717,+48.482863,-116.890141
16,017,950600,3,961,+48.297734,-116.910244
16,017,950700,1,977,+48.148341,-116.871957
16,017,950700,2,1851,+48.151646,-117.017973
16,017,950700,3,1616,+48.033471,-116.957203
16,017,950800,1,1122,+48.200722,-116.646387
16,017,950800,2,1506,+48.137150,-116.617928
16,017,950800,3,1969,+48.024483,-116.780735
16,017,950800,4,1166,+48.052974,-116.603268
16,017,950900,1,1167,+48.205606,-116.450257
16,017,950900,2,1475,+48.216786,-116.569022
16,017,950900,3,1636,+48.204141,-116.543502
16,019,970100,1,1276,+43.451007,-111.426424
16,019,970100,2,1499,+43.439207,-111.927816
16,019,970100,3,1133,+43.402647,-112.012384
16,019,970100,4,1217,+43.494591,-111.899944
16,019,970300,1,1707,+43.582688,-112.021179
16,019,970300,2,1626,+43.598473,-111.952371
16,019,970300,3,1633,+43.580751,-111.981665
16,019,970300,4,1159,+43.608333,-111.853576
16,019,970401,1,1686,+43.542835,-112.035124
16,019,970401,2,585,+43.521511,-111.991846
16,019,970402,1,965,+43.540007,-111.956460
16,019,970402,2,2540,+43.521476,-111.932126
16,019,970403,1,5353,+43.513834,-111.965451
16,019,970403,2,2343,+43.502052,-111.949430
16,019,970403,3,2730,+43.503127,-111.959958
16,019,970501,1,7582,+43.486798,-111.957584
16,019,970502,1,1576,+43.476453,-111.978324
16,019,970502,2,1429,+43.474840,-111.968582
16,019,970502,3,2109,+43.475631,-111.954084
16,019,970503,1,4484,+43.456507,-111.971857
16,019,970601,1,646,+43.502046,-112.003032
16,019,970601,2,1106,+43.500975,-111.989542
16,019,970601,3,1048,+43.500539,-111.995528
16,019,970602,1,1901,+43.492722,-111.989494
16,019,970602,2,2703,+43.489435,-111.996395
16,019,970602,3,952,+43.484544,-111.999154
16,019,970603,1,2060,+43.475626,-111.998204
16,019,970700,1,1198,+43.507243,-112.032390
16,019,970700,2,2162,+43.504497,-112.018916
16,019,970700,3,1098,+43.504636,-112.010490
16,019,970700,4,908,+43.499989,-112.011645
16,019,970800,1,984,+43.495059,-112.010980
16,019,970800,2,1032,+43.491410,-112.009386
16,019,970800,3,928,+43.490574,-112.015791
16,019,970800,4,803,+43.487588,-112.019807
16,019,970900,1,1041,+43.486263,-112.007822
16,019,970900,2,1126,+43.478405,-112.008381
16,019,970900,3,2525,+43.474488,-112.013889
16,019,971000,1,715,+43.484216,-112.027952
16,019,971000,2,644,+43.484053,-112.036136
16,019,971000,3,750,+43.480811,-112.038536
16,019,971000,4,749,+43.479978,-112.029502
16,019,971000,5,1178,+43.473401,-112.029142
16,019,971000,6,795,+43.472354,-112.042689
16,019,971100,1,847,+43.494790,-112.026572
16,019,971100,2,961,+43.493205,-112.032645
16,019,971100,3,529,+43.490442,-112.028675
16,019,971100,4,619,+43.487590,-112.028496
16,019,971100,5,795,+43.486787,-112.037365
16,019,971200,1,1195,+43.513319,-112.043577
16,019,971200,2,1075,+43.507831,-112.039678
16,019,971200,3,1922,+43.500693,-112.036892
16,019,971200,4,472,+43.491647,-112.041481
16,019,971301,1,1232,+43.508989,-112.067990
16,019,971301,2,1829,+43.500486,-112.076890
16,019,971301,3,1055,+43.500462,-112.067296
16,019,971301,4,997,+43.501154,-112.059431
16,019,971301,5,1330,+43.508359,-112.089653
16,019,971302,1,893,+43.493082,-112.067437
16,019,971302,2,959,+43.493157,-112.060206
16,019,971302,3,1771,+43.488932,-112.077114
16,019,971302,4,1823,+43.488579,-112.088674
16,019,971400,1,1606,+43.468751,-112.095259
16,019,971400,2,1751,+43.451684,-112.056175
16,019,971400,3,3255,+43.459405,-112.034843
16,019,971400,4,1896,+43.462665,-112.012454
16,019,971500,1,742,+43.556876,-112.127508
16,019,971500,2,996,+43.488967,-112.143922
16,021,970100,1,1641,+48.830936,-116.332246
16,021,970100,2,1583,+48.716062,-116.322776
16,021,970100,3,1501,+48.726242,-116.210269
16,021,970100,4,922,+48.771035,-116.133086
16,021,970200,1,1005,+48.606639,-116.453897
16,021,970200,2,1268,+48.680493,-116.298191
16,021,970200,3,845,+48.686110,-116.324338
16,021,970200,4,1348,+48.638435,-116.348606
16,021,970200,5,859,+48.622647,-116.290614
16,023,970100,1,868,+43.729786,-113.184414
16,023,970100,2,928,+43.719985,-113.374649
16,023,970100,3,1095,+43.657068,-113.313967
16,025,970100,1,1117,+43.350524,-114.756451
16,027,020100,1,1105,+43.576719,-116.563472
16,027,020200,1,1494,+43.589620,-116.566380
16,027,020200,2,1361,+43.578230,-116.547621
16,027,020200,3,1154,+43.582525,-116.554358
16,027,020300,1,916,+43.578682,-116.572624
16,027,020300,2,1130,+43.572648,-116.573236
16,027,020300,3,577,+43.570727,-116.566243
16,027,020300,4,1422,+43.571458,-116.556248
16,027,020401,1,1164,+43.586230,-116.537186
16,027,020401,2,5358,+43.570636,-116.531624
16,027,020401,3,1205,+43.589949,-116.519661
16,027,020401,4,885,+43.592841,-116.559035
16,027,020402,1,1040,+43.565508,-116.548441
16,027,020402,2,897,+43.564881,-116.555833
16,027,020402,3,778,+43.565412,-116.560909
16,027,020402,4,1069,+43.565793,-116.568418
16,027,020402,5,1850,+43.565394,-116.582866
16,027,020501,1,1863,+43.550493,-116.541482
16,027,020501,2,1790,+43.557969,-116.543003
16,027,020503,1,3075,+43.553717,-116.583752
16,027,020504,1,1417,+43.558665,-116.559355
16,027,020504,2,2879,+43.554287,-116.567409
16,027,020504,3,1351,+43.551151,-116.558876
16,027,020601,1,4920,+43.583611,-116.604028
16,027,020602,1,1114,+43.593196,-116.588632
16,027,020602,2,1619,+43.579857,-116.578911
16,027,020602,3,1133,+43.571927,-116.585383
16,027,020602,4,1037,+43.587253,-116.585196
16,027,020602,5,927,+43.578512,-116.588711
16,027,020602,6,1108,+43.583536,-116.584157
16,027,020700,1,1023,+43.567648,-116.490029
16,027,020700,2,2542,+43.586903,-116.497278
16,027,020901,1,6329,+43.542294,-116.524802
16,027,020901,2,4436,+43.539960,-116.558339
16,027,020901,3,2096,+43.524501,-116.556361
16,027,020902,1,5953,+43.572308,-116.608085
16,027,020902,2,4774,+43.553057,-116.603248
16,027,020902,3,3463,+43.539907,-116.583933
16,027,021001,1,12097,+43.621315,-116.667139
16,027,021002,1,1839,+43.624825,-116.609361
16,027,021002,2,2132,+43.603470,-116.621595
16,027,021002,3,1818,+43.612642,-116.621498
16,027,021002,4,3410,+43.597858,-116.601827
16,027,021100,1,6593,+43.654908,-116.614049
16,027,021100,2,4735,+43.615626,-116.521579
16,027,021100,3,4501,+43.617313,-116.552570
16,027,021200,1,2001,+43.683652,-116.675681
16,027,021200,2,1786,+43.684027,-116.684869
16,027,021200,3,3307,+43.662166,-116.658262
16,027,021300,1,1427,+43.671760,-116.685996
16,027,021300,2,1870,+43.663246,-116.675969
16,027,021500,1,745,+43.666098,-116.695319
16,027,021500,2,724,+43.658867,-116.692667
16,027,021500,3,923,+43.660319,-116.683105
16,027,021500,4,796,+43.656771,-116.679698
16,027,021500,5,1857,+43.650885,-116.676776
16,027,021600,1,1233,+43.661778,-116.702306
16,027,021600,2,1623,+43.651309,-116.689643
16,027,021600,3,1178,+43.651431,-116.703729
16,027,021700,1,3889,+43.641472,-116.659808
16,027,021700,2,4003,+43.640909,-116.699236
16,027,021700,3,2464,+43.642657,-116.678916
16,027,021800,1,1992,+43.669366,-116.806830
16,027,021800,2,1212,+43.640009,-116.729087
16,027,021800,3,2426,+43.599825,-116.695806
16,027,021901,1,1336,+43.709642,-116.627941
16,027,021901,2,3607,+43.706556,-116.612543
16,027,021903,1,3749,+43.723072,-116.665774
16,027,021903,2,4099,+43.727266,-116.570421
16,027,021903,3,1080,+43.783667,-116.702355
16,027,021904,1,3007,+43.728540,-116.758601
16,027,021904,2,942,+43.752369,-116.724864
16,027,022100,1,1254,+43.833997,-116.969017
16,027,022100,2,1091,+43.737298,-116.983118
16,027,022100,3,1140,+43.783035,-116.943340
16,027,022100,4,1361,+43.784842,-116.928465
16,027,022200,1,1309,+43.658736,-116.947365
16,027,022200,2,1562,+43.675211,-116.912014
16,027,022200,3,1864,+43.649951,-116.871127
16,027,022300,1,1531,+43.598025,-116.803834
16,027,022300,2,2276,+43.529561,-116.726546
16,027,022300,3,2408,+43.388146,-116.554715
16,027,022400,1,2742,+43.482236,-116.571301
16,027,022400,2,1730,+43.498906,-116.502468
16,029,960100,1,568,+42.650610,-111.613532
16,029,960100,2,705,+42.639006,-111.597842
16,029,960100,3,1010,+42.543930,-111.712288
16,029,960100,4,997,+42.554038,-111.762878
16,029,960100,5,811,+42.736184,-111.886695
16,029,960200,1,1003,+42.729542,-111.513032
16,029,960200,2,1869,+42.659207,-111.580161
16,031,950100,1,680,+42.469552,-113.277949
16,031,950100,2,1373,+42.368067,-113.603702
16,031,950100,3,953,+42.237787,-113.390161
16,031,950200,1,1888,+42.548292,-113.609833
16,031,950200,2,1428,+42.492468,-113.695131
16,031,950300,1,1156,+42.486993,-113.759716
16,031,950300,2,1746,+42.520959,-113.777804
16,031,950300,3,1111,+42.531144,-113.786734
16,031,950300,4,903,+42.524278,-113.788672
16,031,950400,1,844,+42.544919,-113.787315
16,031,950400,2,915,+42.542807,-113.798240
16,031,950400,3,1210,+42.535164,-113.796223
16,031,950400,4,1138,+42.536083,-113.784747
16,031,950500,1,772,+42.531126,-113.798245
16,031,950500,2,849,+42.526605,-113.798519
16,031,950500,3,1836,+42.504455,-113.802077
16,031,950500,4,1697,+42.528360,-113.836928
16,031,950600,1,1024,+42.472707,-113.924006
16,031,950600,2,1429,+42.263876,-113.900532
16,033,950100,1,982,+44.185815,-112.278608
16,035,940000,1,689,+46.516351,-116.377408
16,035,940000,2,1088,+46.494372,-116.263023
16,035,940000,3,609,+46.492871,-116.226698
16,035,940000,4,532,+46.482672,-116.245908
16,035,940000,5,927,+46.462064,-116.208699
16,035,940000,6,496,+46.481145,-116.283678
16,035,940000,7,776,+46.495445,-116.311369
16,035,940000,8,604,+46.497676,-116.337604
16,035,970100,1,555,+46.494354,-115.800282
16,035,970100,2,987,+46.509908,-116.113005
16,035,970100,3,604,+46.380762,-115.945467
16,035,970100,4,344,+46.673426,-116.273748
16,035,970100,5,550,+46.380508,-115.939462
16,037,960200,1,333,+44.214913,-114.711314
16,037,960200,2,1105,+44.478979,-114.252015
16,037,960200,3,1509,+44.515338,-114.176751
16,037,960200,4,1421,+43.906497,-113.601041
16,039,960100,1,290,+43.553314,-115.383198
16,039,960100,2,1164,+42.962933,-115.331668
16,039,960100,3,1343,+42.952653,-115.300076
16,039,960200,1,1801,+43.220664,-115.747660
16,039,960200,2,1247,+43.159789,-115.715449
16,039,960200,3,1995,+43.147582,-115.700890
16,039,960200,4,2286,+43.149712,-115.694154
16,039,960200,5,1594,+43.147146,-115.683745
16,039,960300,1,1185,+43.137270,-115.681581
16,039,960300,2,1181,+43.138278,-115.693889
16,039,960300,3,774,+43.129687,-115.687017
16,039,960300,4,790,+43.124251,-115.675343
16,039,960400,1,3556,+43.101992,-115.691749
16,039,960400,2,1316,+43.081770,-115.827831
16,039,960400,3,3278,+43.128755,-115.704372
16,039,960500,1,3238,+43.055450,-115.846781
16,041,970100,1,956,+42.255070,-111.765838
16,041,970100,2,1515,+42.107017,-111.867380
16,041,970100,3,1165,+42.115073,-111.889317
16,041,970100,4,1292,+42.055413,-111.977253
16,041,970100,5,1140,+42.172923,-111.990170
16,041,970200,1,1295,+42.088647,-111.885666
16,041,970200,2,794,+42.092980,-111.869003
16,041,970200,3,2227,+42.085529,-111.835576
16,041,970200,4,1223,+42.035862,-111.778193
16,041,970200,5,1179,+42.032168,-111.872561
16,043,970100,1,1492,+44.371518,-111.441158
16,043,970100,2,0,+44.339304,-111.076158
16,043,970200,1,736,+44.059067,-111.354434
16,043,970200,2,730,+44.069415,-111.446147
16,043,970200,3,954,+44.049323,-111.470840
16,043,970200,4,1189,+43.887700,-111.647641
16,043,970300,1,1103,+43.970427,-111.673760
16,043,970300,2,1197,+43.976700,-111.614759
16,043,970300,3,1072,+43.932832,-111.671852
16,043,970300,4,659,+43.967862,-111.687963
16,043,970300,5,1233,+43.969096,-111.696274
16,043,970300,6,1220,+43.948245,-111.784771
16,043,970300,7,1657,+43.933322,-111.733080
16,045,960100,1,1303,+43.984452,-116.355424
16,045,960100,2,1042,+43.913382,-116.594321
16,045,960100,3,1270,+43.900890,-116.499037
16,045,960100,4,775,+43.887610,-116.529117
16,045,960200,1,2205,+43.863613,-116.633177
16,045,960200,2,1323,+43.855660,-116.518481
16,045,960200,3,1975,+43.870923,-116.505172
16,045,960300,1,1389,+43.878543,-116.485981
16,045,960300,2,1030,+43.873658,-116.489997
16,045,960300,3,762,+43.867930,-116.495366
16,045,960300,4,1317,+43.862499,-116.483050
16,045,960300,5,2328,+43.878293,-116.460643
16,047,960100,1,1082,+42.941262,-114.891789
16,047,960100,2,1568,+42.922240,-114.753583
16,047,960100,3,1037,+42.954259,-114.673299
16,047,960100,4,1606,+42.941668,-114.711890
16,047,960100,5,889,+42.934050,-114.706898
16,047,960100,6,1292,+42.932503,-114.716514
16,047,960200,1,910,+42.806801,-114.896049
16,047,960200,2,1103,+42.821387,-114.883759
16,047,960200,3,1699,+42.783020,-114.729917
16,047,960200,4,1146,+42.738531,-114.775879
16,047,960200,5,1154,+42.719600,-114.676775
16,047,960200,6,941,+42.773791,-114.698564
16,047,960200,7,1037,+42.780527,-114.689005
16,049,940000,1,1415,+46.223987,-116.002283
16,049,940000,2,766,+46.192710,-116.024265
16,049,940000,3,763,+46.135269,-115.967059
16,049,940000,4,581,+46.080036,-115.984749
16,049,940000,5,805,+46.126089,-116.290572
16,049,960100,1,1673,+46.137295,-115.824348
16,049,960100,2,402,+45.799129,-115.440719
16,049,960200,1,993,+45.950660,-116.134414
16,049,960200,2,1109,+45.928114,-116.118882
16,049,960200,3,837,+45.921025,-116.118254
16,049,960200,4,1548,+45.935448,-116.024961
16,049,960200,5,1803,+45.854405,-116.200217
16,049,960300,1,1003,+46.058161,-116.350498
16,049,960300,2,1180,+46.042763,-116.389188
16,049,960400,1,1389,+45.397313,-116.325115
16,051,960100,1,1651,+43.704275,-112.121244
16,051,960100,2,1276,+43.935214,-112.393208
16,051,960100,3,1062,+43.824352,-112.435749
16,051,960200,1,1552,+43.725246,-111.969900
16,051,960200,2,1049,+43.711266,-112.026403
16,051,960200,3,1495,+43.653591,-112.022352
16,051,960300,1,1085,+43.681477,-111.909657
16,051,960300,2,1086,+43.668869,-111.917981
16,051,960300,3,2451,+43.654258,-111.952300
16,051,960300,4,2521,+43.680022,-111.925950
16,051,960400,1,1781,+43.643526,-111.772011
16,051,960400,2,1745,+43.705301,-111.867389
16,051,960400,3,2362,+43.655728,-111.844088
16,051,960400,4,5024,+43.652101,-111.904724
16,053,970100,1,1746,+42.618387,-114.117348
16,053,970100,2,1422,+42.578675,-114.172987
16,053,970200,1,1049,+42.728183,-114.523371
16,053,970200,2,2220,+42.745950,-114.552535
16,053,970200,3,915,+42.789113,-114.487044
16,053,970300,1,1130,+42.726232,-114.509565
16,053,970300,2,767,+42.729704,-114.511970
16,053,970300,3,1107,+42.733858,-114.514205
16,053,970300,4,2008,+42.739354,-114.505647
16,053,970400,1,870,+42.717716,-114.513129
16,053,970400,2,995,+42.721251,-114.511540
16,053,970400,3,1215,+42.718556,-114.524861
16,053,970500,1,2026,+42.686133,-114.569199
16,053,970500,2,3745,+42.669198,-114.505418
16,053,970500,3,1159,+42.684962,-114.422176
16,055,000100,1,1446,+47.939747,-116.884224
16,055,000100,2,2430,+47.903546,-116.819199
16,055,000100,3,2394,+47.961204,-116.833793
16,055,000200,1,2119,+47.944972,-116.700909
16,055,000200,2,857,+47.967767,-116.562248
16,055,000200,3,1425,+47.900963,-116.675599
16,055,000200,4,2659,+47.844439,-116.800847
16,055,000200,5,1643,+47.813250,-116.742352
16,055,000301,1,2977,+47.791713,-116.910810
16,055,000301,2,2339,+47.775012,-117.012977
16,055,000302,1,1282,+47.810900,-116.924152
16,055,000302,2,3477,+47.804610,-116.881162
16,055,000302,3,1656,+47.820989,-116.862661
16,055,000401,1,3826,+47.714636,-116.997948
16,055,000401,2,2008,+47.675244,-116.975707
16,055,000402,1,4296,+47.723542,-116.965754
16,055,000402,2,3098,+47.732180,-116.953086
16,055,000500,1,5857,+47.725895,-116.914651
16,055,000500,2,2881,+47.728111,-116.943253
16,055,000500,3,2848,+47.723371,-116.933910
16,055,000601,1,2737,+47.701822,-116.881287
16,055,000601,2,1615,+47.718502,-116.879383
16,055,000602,1,1251,+47.707597,-116.932993
16,055,000602,2,2578,+47.705516,-116.903987
16,055,000602,3,1898,+47.704720,-116.923488
16,055,000700,1,4185,+47.754612,-116.821289
16,055,000700,2,8019,+47.732450,-116.825947
16,055,000700,3,4141,+47.729739,-116.800511
16,055,000800,1,2492,+47.713273,-116.835838
16,055,000800,2,1716,+47.708973,-116.819108
16,055,000900,1,1791,+47.704210,-116.801640
16,055,000900,2,1136,+47.693496,-116.798415
16,055,000900,3,1153,+47.687347,-116.790614
16,055,000900,4,702,+47.708696,-116.798388
16,055,001001,1,2300,+47.753420,-116.777996
16,055,001001,2,1897,+47.751342,-116.801870
16,055,001001,3,1713,+47.766416,-116.798569
16,055,001002,1,1979,+47.777814,-116.778394
16,055,001002,2,2218,+47.764106,-116.775978
16,055,001100,1,2038,+47.732736,-116.772267
16,055,001200,1,1888,+47.711398,-116.783274
16,055,001200,2,1452,+47.706403,-116.776213
16,055,001200,3,3110,+47.711379,-116.769800
16,055,001300,1,1275,+47.693269,-116.780273
16,055,001300,2,2672,+47.693591,-116.770781
16,055,001400,1,1283,+47.680151,-116.785304
16,055,001400,2,1513,+47.678390,-116.784213
16,055,001500,1,1275,+47.682591,-116.770576
16,055,001500,2,772,+47.682063,-116.761713
16,055,001500,3,1131,+47.676211,-116.770925
16,055,001600,1,956,+47.676056,-116.759789
16,055,001600,2,1636,+47.670887,-116.766425
16,055,001700,1,1723,+47.694675,-116.748317
16,055,001700,2,1027,+47.677637,-116.743379
16,055,001700,3,1412,+47.657886,-116.704157
16,055,001800,1,1212,+47.779093,-116.757188
16,055,001800,2,1359,+47.777463,-116.730969
16,055,001800,3,4161,+47.733715,-116.755023
16,055,001800,4,1519,+47.708470,-116.758289
16,055,001900,1,1703,+47.562556,-116.500469
16,055,001900,2,918,+47.543065,-116.761570
16,055,002000,1,1234,+47.612290,-116.845590
16,055,002000,2,1962,+47.681348,-116.873194
16,055,940000,1,948,+47.398089,-116.892625
16,055,940000,2,687,+47.493505,-116.932489
16,055,940000,3,589,+47.415567,-116.676974
16,057,005100,1,2977,+46.745327,-116.996414
16,057,005100,2,2523,+46.745062,-117.012791
16,057,005100,3,711,+46.735268,-116.997669
16,057,005100,4,780,+46.734337,-117.007262
16,057,005100,5,592,+46.731584,-117.001603
16,057,005200,1,799,+46.762906,-116.941575
16,057,005200,2,1121,+46.740452,-116.987794
16,057,005200,3,686,+46.733701,-116.991450
16,057,005200,4,1175,+46.733196,-116.985036
16,057,005200,5,2654,+46.735482,-116.972137
16,057,005300,1,542,+46.726834,-116.983469
16,057,005300,2,1009,+46.726290,-116.989879
16,057,005300,3,946,+46.727385,-116.996354
16,057,005300,4,1929,+46.719511,-116.992689
16,057,005300,5,1290,+46.722339,-116.969597
16,057,005300,6,745,+46.713935,-116.906652
16,057,005400,1,1283,+46.719080,-117.008085
16,057,005400,2,736,+46.694527,-116.994927
16,057,005400,3,3501,+46.728165,-117.011313
16,057,005400,4,915,+46.722214,-117.007991
16,057,005500,1,1025,+46.907172,-116.790651
16,057,005500,2,695,+46.980663,-116.938661
16,057,005500,3,1147,+46.925537,-116.896944
16,057,005500,4,950,+46.866163,-116.957370
16,057,005600,1,709,+46.814890,-116.468404
16,057,005600,2,920,+46.790338,-116.581016
16,057,005600,3,1111,+46.753284,-116.762629
16,057,005600,4,815,+46.719996,-116.792937
16,057,005700,1,751,+46.647952,-116.609230
16,057,005700,2,757,+46.582250,-116.716342
16,057,005700,3,1450,+46.569119,-116.930704
16,059,970100,1,1309,+45.226782,-113.930081
16,059,970100,2,1178,+45.170526,-113.921932
16,059,970200,1,826,+45.170771,-113.897442
16,059,970200,2,1247,+45.273864,-113.881905
16,059,970200,3,911,+45.142934,-113.803173
16,059,970300,1,619,+44.769508,-113.505255
16,059,970300,2,1317,+45.106567,-113.872404
16,059,970300,3,529,+44.816546,-113.946277
16,061,940001,1,853,+46.231299,-116.044935
16,061,940001,2,874,+46.221641,-116.031506
16,061,940002,1,685,+46.246014,-116.243936
16,061,940002,2,726,+46.250867,-116.458657
16,061,940002,3,647,+46.253506,-116.611548
16,061,950300,1,36,+46.110283,-116.611545
16,063,950100,1,1149,+43.053465,-114.168124
16,063,950100,2,1792,+42.992005,-114.416834
16,063,950100,3,971,+42.938523,-114.414778
16,063,950100,4,1296,+42.903091,-114.274010
16,065,950100,1,2571,+43.855538,-111.864446
16,065,950100,2,1900,+43.863319,-111.773760
16,065,950100,3,754,+43.870747,-111.718006
16,065,950100,4,1191,+43.872375,-111.747750
16,065,950200,1,1181,+43.827612,-111.783188
16,065,950200,2,1427,+43.827780,-111.793307
16,065,950200,3,809,+43.830833,-111.803351
16,065,950301,1,847,+43.822899,-111.784069
16,065,950301,2,1990,+43.821503,-111.789613
16,065,950301,3,636,+43.818967,-111.781460
16,065,950301,4,875,+43.822093,-111.779643
16,065,950301,5,1210,+43.818727,-111.789191
16,065,950302,1,2004,+43.815636,-111.788471
16,065,950302,2,5142,+43.818393,-111.806435
16,065,950302,3,1601,+43.806604,-111.789069
16,065,950302,4,2068,+43.815534,-111.793834
16,065,950400,1,3426,+43.816489,-111.758701
16,065,950400,2,1648,+43.829819,-111.768539
16,065,950400,3,1035,+43.822018,-111.772758
16,065,950500,1,1580,+43.721673,-111.791159
16,065,950500,2,2237,+43.763622,-111.825063
16,065,950500,3,1404,+43.806760,-111.863325
16,067,970100,1,1124,+42.649137,-113.837592
16,067,970100,2,2288,+42.611548,-113.775799
16,067,970200,1,1100,+42.563182,-113.819267
16,067,970200,2,1570,+42.561308,-113.771992
16,067,970200,3,918,+42.563271,-113.758506
16,067,970200,4,1820,+42.553743,-113.739200
16,067,970300,1,637,+42.764134,-113.551420
16,067,970300,2,1576,+42.663707,-113.633193
16,067,970300,3,705,+42.746484,-113.675015
16,067,970400,1,1571,+42.610676,-113.691060
16,067,970400,2,1903,+42.626501,-113.669853
16,067,970400,3,863,+42.624661,-113.684072
16,067,970500,1,1028,+42.566465,-113.669757
16,067,970500,2,1282,+42.607783,-113.671800
16,067,970500,3,860,+42.614588,-113.668337
16,067,970500,4,824,+42.623019,-113.632804
16,069,940000,1,564,+46.504925,-116.552498
16,069,940000,2,721,+46.447671,-116.492975
16,069,940000,3,874,+46.401770,-116.713481
16,069,940000,4,1056,+46.440089,-116.799735
16,069,940000,5,1386,+46.376339,-116.792328
16,069,960200,1,345,+46.590165,-116.598761
16,069,960300,1,1191,+46.443466,-116.983157
16,069,960300,2,1350,+46.411717,-116.965741
16,069,960300,3,1391,+46.417471,-117.027822
16,069,960300,4,967,+46.414675,-117.015384
16,069,960400,1,841,+46.411013,-117.014196
16,069,960400,2,980,+46.407021,-117.016849
16,069,960400,3,713,+46.409929,-117.025296
16,069,960400,4,703,+46.406297,-117.030965
16,069,960500,1,1024,+46.399388,-117.026887
16,069,960500,2,1504,+46.395434,-117.016687
16,069,960500,3,1144,+46.398186,-117.008745
16,069,960600,1,1593,+46.386738,-116.992488
16,069,960600,2,1432,+46.395716,-116.986294
16,069,960600,3,837,+46.406916,-117.003951
16,069,960600,4,1005,+46.412195,-116.997683
16,069,960700,1,656,+46.262554,-116.886239
16,069,960700,2,1960,+46.380702,-117.029217
16,069,960700,3,748,+46.382506,-117.009503
16,069,960700,4,883,+46.382291,-117.004450
16,069,960700,5,1066,+46.382225,-116.999398
16,069,960800,1,1236,+46.379439,-116.986471
16,069,960800,2,1329,+46.368989,-116.982919
16,069,960800,3,1218,+46.365590,-116.962459
16,069,960900,1,904,+46.380443,-116.964842
16,069,960900,2,1347,+46.373180,-116.972884
16,069,960900,3,950,+46.373972,-116.960811
16,069,961000,1,1321,+46.378824,-116.942505
16,069,961000,2,1082,+46.368983,-116.948974
16,069,961000,3,1163,+46.372335,-116.933711
16,069,961000,4,1781,+46.366658,-116.931643
16,071,960100,1,1531,+42.169653,-112.408173
16,071,960100,2,1517,+42.184427,-112.235608
16,071,960100,3,1238,+42.192798,-112.249502
16,073,950101,1,1599,+43.602703,-116.967647
16,073,950101,2,1272,+43.613532,-116.937523
16,073,950101,3,1463,+43.621487,-116.939706
16,073,950102,1,1460,+43.545240,-116.809220
16,073,950102,2,1819,+43.536524,-116.839352
16,073,950200,1,1634,+43.288672,-116.656279
16,073,950200,2,753,+42.992815,-116.109926
16,073,950200,3,541,+42.860887,-116.046334
16,073,950200,4,629,+42.798652,-115.713273
16,073,950200,5,356,+42.024344,-116.152659
16,075,960100,1,455,+44.083988,-116.804349
16,075,960100,2,1384,+44.086502,-116.933808
16,075,960100,3,1821,+44.093599,-116.913181
16,075,960100,4,796,+44.075083,-116.930147
16,075,960100,5,1938,+44.072419,-116.916130
16,075,960200,1,1527,+44.084851,-116.942320
16,075,960200,2,1041,+44.068957,-116.926852
16,075,960200,3,875,+44.056204,-116.924921
16,075,960300,1,2430,+44.027924,-116.920036
16,075,960300,2,2553,+44.009444,-116.923340
16,075,960300,3,1365,+44.003301,-116.901821
16,075,960300,4,1622,+43.917654,-116.924902
16,075,960400,1,835,+43.962950,-116.851081
16,075,960400,2,2165,+43.908314,-116.766243
16,075,960400,3,1816,+43.971104,-116.819502
16,077,960100,1,831,+42.583944,-112.805672
16,077,960100,2,820,+42.888278,-112.618725
16,077,960200,1,986,+42.776879,-112.824024
16,077,960200,2,1648,+42.789717,-112.846496
16,077,960200,3,1314,+42.781612,-112.850806
16,077,960200,4,1538,+42.776091,-112.862636
16,077,960200,5,680,+42.818262,-112.957448
16,079,960200,1,619,+47.550610,-116.272860
16,079,960200,2,638,+47.514605,-116.273806
16,079,960200,3,713,+47.536309,-116.248147
16,079,960200,4,685,+47.537110,-116.238002
16,079,960200,5,637,+47.530464,-116.230933
16,079,960200,6,346,+47.216449,-116.136286
16,079,960200,7,541,+47.625829,-116.074733
16,079,960300,1,543,+47.543924,-116.126268
16,079,960300,2,768,+47.543667,-116.105235
16,079,960300,3,871,+47.526194,-116.106941
16,079,960300,4,768,+47.539804,-116.182998
16,079,960300,5,749,+47.535190,-116.128637
16,079,960400,1,728,+47.508916,-116.011598
16,079,960400,2,826,+47.501055,-115.992926
16,079,960400,3,810,+47.470829,-115.930003
16,079,960400,4,568,+47.492322,-115.891468
16,079,960400,5,1189,+47.510320,-115.978022
16,079,960400,6,766,+47.469640,-115.793195
16,081,960100,1,1742,+43.836388,-111.166937
16,081,960100,2,2164,+43.731991,-111.100322
16,081,960100,3,1221,+43.723286,-111.143569
16,081,960100,4,5043,+43.619358,-111.117747
16,083,000200,1,3181,+42.569678,-114.435134
16,083,000200,2,1537,+42.574501,-114.450252
16,083,000200,3,1628,+42.566654,-114.452537
16,083,000300,1,909,+42.515501,-114.865656
16,083,000300,2,1285,+42.631122,-114.786152
16,083,000300,3,888,+42.617746,-114.850706
16,083,000300,4,1388,+42.599452,-114.733453
16,083,000300,5,862,+42.542007,-114.773910
16,083,000400,1,1015,+42.599661,-114.773962
16,083,000400,2,1390,+42.593058,-114.755665
16,083,000400,3,798,+42.602094,-114.766821
16,083,000400,4,1077,+42.605072,-114.764015
16,083,000500,1,1017,+42.542131,-114.579221
16,083,000500,2,1188,+42.604379,-114.616016
16,083,000500,3,1719,+42.560157,-114.635897
16,083,000500,4,672,+42.572139,-114.608390
16,083,000500,5,927,+42.566182,-114.611543
16,083,000600,1,738,+42.492088,-114.486960
16,083,000600,2,1053,+42.520991,-114.431939
16,083,000600,3,1245,+42.539348,-114.534395
16,083,000700,1,3892,+42.590718,-114.500133
16,083,000700,2,3136,+42.583391,-114.488281
16,083,000700,3,1335,+42.567520,-114.485819
16,083,000700,4,1323,+42.575535,-114.490585
16,083,000700,5,1227,+42.572649,-114.487824
16,083,000800,1,1508,+42.566738,-114.465646
16,083,000800,2,820,+42.566764,-114.472538
16,083,000800,3,808,+42.566811,-114.477205
16,083,000800,4,1840,+42.579246,-114.468544
16,083,000800,5,1248,+42.573672,-114.476145
16,083,000900,1,2880,+42.583588,-114.450263
16,083,000900,2,1659,+42.578663,-114.421305
16,083,001000,1,2286,+42.550464,-114.448007
16,083,001000,2,3125,+42.555097,-114.430097
16,083,001000,3,1365,+42.559192,-114.455980
16,083,001000,4,816,+42.552250,-114.457679
16,083,001000,5,1226,+42.559313,-114.445293
16,083,001100,1,953,+42.561003,-114.470229
16,083,001100,2,780,+42.558974,-114.476695
16,083,001100,3,1693,+42.556404,-114.463894
16,083,001200,1,1407,+42.555808,-114.493311
16,083,001200,2,1649,+42.524704,-114.475735
16,083,001200,3,2010,+42.527037,-114.484062
16,083,001200,4,2599,+42.542625,-114.472554
16,083,001300,1,1646,+42.567148,-114.352812
16,083,001300,2,1157,+42.532202,-114.300892
16,083,001300,3,1019,+42.488600,-114.354455
16,083,001300,4,1774,+42.538220,-114.369765
16,083,001300,5,1703,+42.528130,-114.364711
16,083,001400,1,1159,+42.472485,-114.171792
16,083,001500,1,1218,+42.436380,-114.397644
16,083,001500,2,1091,+42.387706,-114.603719
16,083,001500,3,361,+42.628717,-114.915386
16,085,970100,1,1209,+44.510376,-116.058842
16,085,970100,2,366,+44.421674,-115.950371
16,085,970100,3,1052,+44.506375,-116.014058
16,085,970200,1,1517,+44.907591,-116.080277
16,085,970200,2,1126,+44.922919,-116.102358
16,085,970300,1,1658,+44.890003,-116.118032
16,085,970300,2,2934,+44.779255,-116.077514
16,087,970100,1,935,+44.585860,-116.671032
16,087,970100,2,720,+44.447836,-116.704711
16,087,970200,1,857,+44.279686,-116.907393
16,087,970200,2,844,+44.250512,-116.964020
16,087,970200,3,1242,+44.246235,-116.957875
16,087,970200,4,936,+44.205862,-116.904771
16,087,970300,1,1042,+44.286941,-117.022661
16,087,970300,2,1061,+44.252821,-116.994524
16,087,970300,3,1340,+44.258164,-116.974674
16,087,970300,4,1221,+44.249744,-116.974700
