STATEFP,COUNTYFP,TRACTCE,BLKGRPCE,POPULATION,LATITUDE,LONGITUDE
23,001,010100,1,829,+44.097050,-070.228104
23,001,010100,2,885,+44.093224,-070.226404
23,001,010200,1,1007,+44.108532,-070.227227
23,001,010200,2,1812,+44.117644,-070.227139
23,001,010200,3,1784,+44.151052,-070.246379
23,001,010300,1,1124,+44.102236,-070.230607
23,001,010300,2,1344,+44.099085,-070.235545
23,001,010400,1,1401,+44.086557,-070.244405
23,001,010400,2,718,+44.083237,-070.238330
23,001,010500,1,874,+44.085878,-070.220965
23,001,010500,2,1156,+44.084320,-070.224320
23,001,010600,1,1052,+44.076136,-070.221112
23,001,010600,2,1995,+44.040306,-070.235452
23,001,010700,1,920,+44.078190,-070.254711
23,001,010700,2,2168,+44.061806,-070.272159
23,001,010800,1,1808,+44.104210,-070.240736
23,001,010800,2,2178,+44.100102,-070.265563
23,001,020100,1,1577,+44.095053,-070.214932
23,001,020200,1,658,+44.106247,-070.211764
23,001,020200,2,625,+44.105772,-070.217229
23,001,020300,1,2336,+44.104327,-070.202713
23,001,020300,2,2080,+44.100126,-070.204664
23,001,020300,3,1078,+44.097679,-070.211814
23,001,020300,4,1189,+44.098489,-070.208068
23,001,020400,1,607,+44.090901,-070.204998
23,001,020400,2,770,+44.090582,-070.216312
23,001,020400,3,2393,+44.093635,-070.210058
23,001,020500,1,1015,+44.093393,-070.195552
23,001,020500,2,1429,+44.086367,-070.191833
23,001,020500,3,1269,+44.081982,-070.201411
23,001,020600,1,1310,+44.081149,-070.185608
23,001,020600,2,1398,+44.054364,-070.169133
23,001,020700,1,1681,+44.114064,-070.192088
23,001,020700,2,2222,+44.095300,-070.181554
23,001,020700,3,988,+44.105393,-070.187886
23,001,020800,1,2073,+44.087720,-070.143176
23,001,020800,2,2380,+44.119089,-070.153565
23,001,020800,3,618,+44.105684,-070.167902
23,001,020800,4,2485,+44.096538,-070.165325
23,001,020900,1,917,+44.119272,-070.199281
23,001,020900,2,2197,+44.115021,-070.206402
23,001,020900,3,1297,+44.140309,-070.191935
23,001,030100,1,2493,+44.030609,-070.112959
23,001,030100,2,2131,+44.025215,-070.103863
23,001,030200,1,2066,+44.003939,-070.055530
23,001,030200,2,1553,+44.006059,-070.066423
23,001,030200,3,766,+44.020301,-070.047640
23,001,040000,1,1450,+43.968240,-070.164386
23,001,040000,2,2398,+43.960579,-070.090473
23,001,041000,1,1382,+44.056573,-070.433646
23,001,041000,2,2713,+44.038530,-070.377902
23,001,041000,3,1281,+44.064333,-070.324173
23,001,041500,1,2607,+44.144268,-070.339622
23,001,041500,2,1528,+44.108801,-070.408587
23,001,041500,3,1503,+44.104883,-070.386002
23,001,042000,1,1476,+44.313591,-070.225513
23,001,042000,2,1290,+44.303185,-070.266059
23,001,042000,3,1067,+44.234875,-070.288103
23,001,042000,4,1901,+44.234224,-070.232486
23,001,043000,1,1166,+44.396890,-070.237770
23,001,043000,2,929,+44.426332,-070.195157
23,001,044000,1,1116,+44.476915,-070.188348
23,001,044000,2,900,+44.471991,-070.169906
23,001,044000,3,1171,+44.417738,-070.140349
23,001,045000,1,2326,+44.279899,-070.126229
23,001,046000,1,1878,+44.163998,-070.134472
23,001,046000,2,1656,+44.211369,-070.169930
23,001,046000,3,816,+44.205417,-070.124620
23,001,046500,1,1002,+44.119578,-070.107878
23,001,046500,2,880,+44.092144,-070.107446
23,001,046500,3,2994,+44.090939,-070.064729
23,001,046500,4,1616,+44.164698,-070.053912
23,003,950100,1,525,+47.042004,-067.847239
23,003,950100,2,813,+47.022447,-068.042510
23,003,950100,3,664,+46.970564,-068.124430
23,003,950100,4,594,+47.116033,-068.284831
23,003,950200,1,467,+47.290573,-068.137615
23,003,950200,2,689,+47.153503,-067.938534
23,003,950200,3,762,+47.163511,-067.944448
23,003,950200,4,720,+47.179056,-067.967955
23,003,950300,1,959,+47.347001,-068.343824
23,003,950300,2,511,+47.354146,-068.331748
23,003,950300,3,769,+47.353907,-068.314903
23,003,950300,4,835,+47.345943,-068.319608
23,003,950300,5,961,+47.296919,-068.256432
23,003,950400,1,747,+47.240561,-068.323831
23,003,950400,2,1087,+47.297652,-068.384961
23,003,950600,1,1725,+47.260345,-068.573745
23,003,950600,2,835,+47.226305,-068.543708
23,003,950600,3,1537,+47.237135,-068.610440
23,003,950700,1,867,+47.162908,-068.564803
23,003,950700,2,752,+47.180677,-068.848380
23,003,950700,3,1088,+47.035466,-068.596297
23,003,950700,4,10,+47.043038,-069.540491
23,003,950700,5,239,+47.087759,-069.068225
23,003,950900,1,1137,+46.691918,-068.434453
23,003,950900,2,932,+46.596401,-068.380865
23,003,951000,1,669,+46.843956,-068.215405
23,003,951000,2,1213,+46.882502,-068.111694
23,003,951000,3,784,+46.802422,-068.150465
23,003,951000,4,903,+46.776565,-068.120889
23,003,951100,1,872,+46.708477,-068.087242
23,003,951100,2,925,+46.702040,-068.182277
23,003,951100,3,1044,+46.652865,-068.121784
23,003,951200,1,802,+46.891982,-068.033383
23,003,951200,2,575,+46.862668,-068.017572
23,003,951200,3,1172,+46.857446,-068.025433
23,003,951300,1,1428,+46.904764,-067.970348
23,003,951300,2,855,+46.869208,-068.009248
23,003,951300,3,537,+46.862869,-068.005098
23,003,951300,4,566,+46.862616,-067.965528
23,003,951400,1,1351,+46.834580,-067.992170
23,003,951400,2,903,+46.826627,-068.021396
23,003,951600,1,683,+46.911461,-067.818461
23,003,951600,2,1631,+46.919416,-067.873297
23,003,951700,1,653,+46.810949,-067.831148
23,003,951700,2,1296,+46.766040,-067.831746
23,003,951700,3,735,+46.745384,-067.814196
23,003,951700,4,812,+46.765802,-067.874219
23,003,951700,5,1287,+46.642373,-067.878670
23,003,951800,1,1294,+46.688069,-068.009214
23,003,951800,2,698,+46.693671,-068.019661
23,003,951800,3,840,+46.732804,-068.005936
23,003,951800,4,861,+46.707225,-067.980000
23,003,951900,1,1197,+46.677444,-067.980338
23,003,951900,2,1740,+46.668415,-068.003105
23,003,952000,1,1785,+46.688049,-068.027515
23,003,952000,2,1277,+46.648907,-068.009585
23,003,952100,1,660,+46.532204,-067.853047
23,003,952100,2,726,+46.490491,-067.859425
23,003,952100,3,1382,+46.542123,-067.906697
23,003,952300,1,610,+46.424136,-067.837117
23,003,952300,2,790,+46.316483,-067.843637
23,003,952300,3,1068,+46.229579,-067.847337
23,003,952300,4,184,+46.464187,-068.189203
23,003,952400,1,1307,+46.139222,-067.823752
23,003,952400,2,552,+46.125810,-067.835480
23,003,952400,3,880,+46.120532,-067.835812
23,003,952400,4,1086,+46.118856,-067.824616
23,003,952500,1,1056,+46.139940,-067.862222
23,003,952500,2,631,+46.120047,-067.844652
23,003,952500,3,611,+46.110455,-067.848006
23,003,952600,1,964,+46.156644,-068.027365
23,003,952600,2,737,+46.096950,-068.139495
23,003,952600,3,1494,+46.074095,-067.960695
23,003,952700,1,607,+46.115925,-068.240621
23,003,952700,2,1106,+46.005634,-068.278064
23,003,952700,3,848,+45.886229,-068.369454
23,003,952900,1,1527,+46.044479,-067.851311
23,003,952900,2,613,+45.817850,-067.858479
23,003,952900,3,432,+45.713158,-068.078048
23,003,952900,4,386,+45.752847,-068.373663
23,005,000100,1,580,+43.668275,-070.246728
23,005,000100,2,906,+43.666283,-070.249780
23,005,000100,3,860,+43.669812,-070.250990
23,005,000200,1,572,+43.667052,-070.242795
23,005,000200,2,576,+43.666061,-070.244443
23,005,000200,3,1201,+43.664059,-070.246962
23,005,000300,1,1508,+43.654595,-070.263615
23,005,000300,2,1117,+43.653750,-070.258150
23,005,000500,1,1248,+43.665655,-070.254686
23,005,000500,2,1172,+43.662371,-070.252466
23,005,000600,1,2129,+43.657097,-070.264815
23,005,000600,2,1260,+43.661287,-070.259304
23,005,001000,1,1528,+43.655897,-070.270683
23,005,001000,2,1251,+43.653291,-070.269968
23,005,001100,1,730,+43.648800,-070.262142
23,005,001100,2,730,+43.650523,-070.265115
23,005,001100,3,912,+43.651084,-070.260929
23,005,001200,1,771,+43.647612,-070.265879
23,005,001200,2,610,+43.649219,-070.268282
23,005,001300,1,748,+43.648753,-070.272979
23,005,001300,2,1393,+43.654131,-070.276100
23,005,001300,3,1180,+43.649521,-070.270121
23,005,001500,1,1004,+43.666589,-070.276769
23,005,001500,2,1405,+43.660843,-070.279992
23,005,001500,3,1006,+43.664597,-070.281943
23,005,001700,1,1131,+43.666272,-070.288156
23,005,001700,2,1572,+43.662568,-070.297509
23,005,001700,3,705,+43.667242,-070.303106
23,005,001700,4,982,+43.668382,-070.294044
23,005,001800,1,1329,+43.684934,-070.276687
23,005,001800,2,1184,+43.678139,-070.280839
23,005,001800,3,1196,+43.671531,-070.282181
23,005,001900,1,1117,+43.675382,-070.290444
23,005,001900,2,1112,+43.671881,-070.291914
23,005,001900,3,1259,+43.672562,-070.302516
23,005,001900,4,732,+43.676953,-070.298187
23,005,002001,1,2899,+43.678306,-070.316279
23,005,002001,2,733,+43.669428,-070.313161
23,005,002002,1,2042,+43.656714,-070.287656
23,005,002002,2,735,+43.657958,-070.317831
23,005,002101,1,1519,+43.716517,-070.284519
23,005,002101,2,1195,+43.709574,-070.287313
23,005,002101,3,1407,+43.711697,-070.294452
23,005,002101,4,1796,+43.703662,-070.296713
23,005,002102,1,2106,+43.699439,-070.303953
23,005,002102,2,2112,+43.691331,-070.313743
23,005,002102,3,1360,+43.693001,-070.312380
23,005,002200,1,2531,+43.697173,-070.275479
23,005,002200,2,2385,+43.690150,-070.288802
23,005,002300,1,1331,+43.682593,-070.259644
23,005,002300,2,2301,+43.686930,-070.260868
23,005,002400,1,864,+43.659128,-070.192519
23,005,002400,2,91,+43.677096,-070.199821
23,005,002400,3,301,+43.692791,-070.143044
23,005,002501,1,631,+43.739104,-070.208918
23,005,002501,2,880,+43.731506,-070.215441
23,005,002501,3,851,+43.709261,-070.232227
23,005,002501,4,1004,+43.710857,-070.238203
23,005,002502,1,2028,+43.716541,-070.260506
23,005,002502,2,582,+43.735519,-070.300968
23,005,002502,3,2299,+43.744731,-070.262165
23,005,002502,4,1390,+43.752288,-070.328379
23,005,002502,5,1520,+43.777480,-070.311099
23,005,002600,1,2038,+43.696551,-070.339713
23,005,002600,2,1938,+43.724739,-070.337202
23,005,002700,1,1786,+43.681222,-070.363290
23,005,002700,2,1092,+43.686905,-070.367843
23,005,002700,3,1658,+43.710906,-070.356690
23,005,002800,1,1396,+43.680433,-070.342742
23,005,002800,2,1511,+43.677105,-070.351921
23,005,002900,1,604,+43.678905,-070.373548
23,005,002900,2,1573,+43.670357,-070.363592
23,005,002900,3,785,+43.673167,-070.369621
23,005,002900,4,1682,+43.660931,-070.370850
23,005,002900,5,1431,+43.672907,-070.378704
23,005,003000,1,1763,+43.628919,-070.301735
23,005,003000,2,1041,+43.624967,-070.311722
23,005,003000,3,854,+43.618402,-070.316294
23,005,003000,4,2841,+43.638550,-070.314290
23,005,003100,1,587,+43.633163,-070.267598
23,005,003100,2,1677,+43.630285,-070.260851
23,005,003100,3,682,+43.630247,-070.273117
23,005,003100,4,776,+43.632571,-070.283106
23,005,003200,1,1547,+43.640458,-070.235698
23,005,003200,2,654,+43.637399,-070.243560
23,005,003200,3,916,+43.639996,-070.249807
23,005,003300,1,1688,+43.619114,-070.278170
23,005,003300,2,1414,+43.623874,-070.293808
23,005,003400,1,717,+43.633164,-070.235588
23,005,003400,2,814,+43.632904,-070.245268
23,005,003400,3,809,+43.628073,-070.246097
23,005,003400,4,736,+43.624081,-070.253607
23,005,003400,5,1626,+43.608697,-070.276822
23,005,003500,1,1124,+43.636951,-070.229125
23,005,003500,2,1830,+43.644816,-070.235146
23,005,003500,3,906,+43.646987,-070.240457
23,005,003701,1,1514,+43.628632,-070.225097
23,005,003701,2,2530,+43.617847,-070.229534
23,005,003702,1,1978,+43.599447,-070.241604
23,005,003702,2,1316,+43.592628,-070.249666
23,005,003702,3,1677,+43.573626,-070.211503
23,005,004001,1,1538,+43.684678,-070.412200
23,005,004001,2,1354,+43.627607,-070.441563
23,005,004002,1,1886,+43.686667,-070.431205
23,005,004002,2,1389,+43.682175,-070.448851
23,005,004002,3,1006,+43.670305,-070.430375
23,005,004002,4,1202,+43.686332,-070.460492
23,005,004002,5,2068,+43.664814,-070.446672
23,005,004100,1,2593,+43.711512,-070.508187
23,005,004100,2,1560,+43.762517,-070.477753
23,005,004100,3,1785,+43.736589,-070.442738
23,005,004200,1,1982,+43.761775,-070.207522
23,005,004200,2,1648,+43.795715,-070.238258
23,005,004200,3,1193,+43.799385,-070.259862
23,005,004200,4,2388,+43.812067,-070.294954
23,005,004200,5,341,+43.735013,-070.114710
23,005,004401,1,651,+43.812034,-070.166461
23,005,004401,2,1492,+43.803782,-070.203374
23,005,004401,3,1083,+43.792979,-070.197908
23,005,004401,4,1146,+43.812485,-070.186611
23,005,004401,5,699,+43.822524,-070.175675
23,005,004402,1,1173,+43.796783,-070.182543
23,005,004402,2,1497,+43.787144,-070.167534
23,005,004402,3,608,+43.761101,-070.140075
23,005,004501,1,1509,+43.854171,-070.139878
23,005,004501,2,1636,+43.895862,-070.100866
23,005,004502,1,875,+43.838047,-070.075425
23,005,004502,2,801,+43.859852,-070.105193
23,005,004502,3,1102,+43.870286,-070.063821
23,005,004502,4,1272,+43.819183,-070.120961
23,005,004502,5,684,+43.852171,-070.103254
23,005,004600,1,1749,+43.860478,-070.222206
23,005,004600,2,1816,+43.834810,-070.251606
23,005,004701,1,658,+43.935182,-070.366094
23,005,004701,2,1306,+43.885399,-070.395694
23,005,004702,1,1880,+43.867873,-070.305473
23,005,004702,2,941,+43.899021,-070.325792
23,005,004702,3,1549,+43.914154,-070.356090
23,005,004702,4,1427,+43.858018,-070.345953
23,005,004801,1,839,+43.859741,-070.459918
23,005,004801,2,789,+43.852423,-070.437861
23,005,004801,3,1353,+43.843701,-070.410838
23,005,004801,4,1290,+43.831187,-070.421353
23,005,004801,5,576,+43.830898,-070.440336
23,005,004801,6,1736,+43.812006,-070.431053
23,005,004802,1,1860,+43.805993,-070.398318
23,005,004802,2,1164,+43.826728,-070.370482
23,005,004802,3,1649,+43.776075,-070.369046
23,005,004803,1,1490,+43.740221,-070.385935
23,005,004803,2,3098,+43.751878,-070.416498
23,005,004803,3,1157,+43.785821,-070.435774
23,005,011100,1,2111,+43.926880,-069.887928
23,005,011100,2,786,+43.885710,-069.904849
23,005,011100,3,774,+43.895739,-069.908056
23,005,011100,4,578,+43.897612,-069.918099
23,005,011201,1,1051,+43.917279,-069.996261
23,005,011201,2,780,+43.908501,-069.982978
23,005,011201,3,1283,+43.899396,-069.988251
23,005,011201,4,611,+43.884173,-069.987210
23,005,011201,5,1020,+43.867306,-069.979352
23,005,011201,6,1916,+43.891650,-069.961196
23,005,011202,1,1726,+43.904479,-069.970698
23,005,011202,2,1995,+43.905302,-069.958333
23,005,011202,3,1172,+43.913269,-069.949614
23,005,011202,4,952,+43.916918,-069.962803
23,005,011202,5,1034,+43.914210,-069.970794
23,005,011300,1,1445,+43.936800,-070.040909
23,005,011300,2,1044,+43.889165,-070.021231
23,005,011500,1,1197,+43.982071,-070.341236
23,005,011500,2,1499,+43.984510,-070.286148
23,005,011500,3,2846,+43.941462,-070.289525
23,005,011500,4,1474,+43.896399,-070.183930
23,005,012000,1,1352,+43.899356,-070.489864
23,005,012000,2,1552,+43.912882,-070.452463
23,005,012000,3,1532,+43.966337,-070.426505
23,005,013000,1,701,+44.000141,-070.526206
23,005,013000,2,828,+43.996609,-070.485074
23,005,013000,3,1481,+43.946780,-070.530675
23,005,013000,4,732,+43.928561,-070.544234
23,005,014000,1,871,+43.941485,-070.581571
23,005,014000,2,1682,+43.990288,-070.588245
23,005,014000,3,1319,+43.959138,-070.636562
23,005,015000,1,976,+44.125637,-070.618575
23,005,015000,2,1754,+44.085793,-070.658690
23,005,016000,1,1190,+44.074688,-070.785956
23,005,016000,2,926,+44.103008,-070.707353
23,005,016000,3,598,+44.055621,-070.688224
23,005,016000,4,742,+44.055513,-070.707139
23,005,016000,5,1754,+44.024260,-070.712394
23,005,016500,1,658,+43.907447,-070.713746
23,005,016500,2,1061,+43.879365,-070.642973
23,005,016500,3,1525,+43.830773,-070.724299
23,005,017001,1,2075,+43.716075,-070.608983
23,005,017001,2,2936,+43.768608,-070.620587
23,005,017001,3,1257,+43.740908,-070.558212
23,005,017002,1,2372,+43.818406,-070.478688
23,005,017002,2,1234,+43.774683,-070.543559
23,005,017002,3,5,+43.835744,-070.524221
23,005,017101,1,758,+43.821921,-069.951264
23,005,017101,2,1224,+43.771387,-070.005154
23,005,017102,1,869,+43.757146,-069.977612
23,005,017102,2,990,+43.814750,-069.898099
23,005,017102,3,899,+43.825746,-069.915086
23,005,017301,1,2621,+43.603844,-070.334740
23,005,017301,2,2687,+43.618224,-070.421084
23,005,017301,3,3012,+43.587248,-070.400501
23,005,017303,1,2019,+43.579625,-070.303154
23,005,017303,2,2497,+43.591201,-070.307668
23,005,017304,1,1838,+43.564615,-070.334024
23,005,017304,2,2385,+43.554851,-070.367891
23,005,017304,3,932,+43.583121,-070.346512
23,005,017304,4,928,+43.560060,-070.288221
23,005,990000,0,0,+43.605836,-070.077689
23,007,970101,1,1612,+44.940412,-070.196359
23,007,970101,2,781,+45.063699,-070.268531
23,007,970102,1,315,+45.126802,-070.462905
23,007,970102,2,618,+45.162730,-070.458342
23,007,970601,1,631,+44.938435,-070.634468
23,007,970601,2,1168,+44.970493,-070.683071
23,007,970602,1,1221,+44.846510,-070.373714
23,007,970602,2,1048,+44.659243,-070.428675
23,007,971000,1,989,+44.743451,-070.279602
23,007,971000,2,1213,+44.802917,-070.213962
23,007,971000,3,757,+44.794962,-070.124296
23,007,971000,4,929,+44.740221,-070.051714
23,007,971100,1,1352,+44.564004,-070.087584
23,007,971100,2,1407,+44.643071,-070.015457
23,007,971200,1,920,+44.670903,-070.181355
23,007,971200,2,2367,+44.691369,-070.155460
23,007,971200,3,737,+44.686825,-070.128829
23,007,971200,4,1768,+44.641466,-070.123702
23,007,971200,5,1968,+44.670583,-070.139596
23,007,971300,1,1546,+44.591897,-070.247789
23,007,971300,2,1393,+44.614134,-070.230025
23,007,971300,3,1177,+44.606628,-070.199255
23,007,971400,1,1796,+44.555715,-070.204873
23,007,971400,2,579,+44.492140,-070.199883
23,007,971400,3,1035,+44.486955,-070.184181
23,007,971400,4,1441,+44.517966,-070.233205
23,009,965100,1,94,+44.682227,-068.080648
23,009,965100,2,929,+44.767760,-068.298602
23,009,965100,3,958,+44.704556,-068.370806
23,009,965200,1,1282,+44.690948,-068.620385
23,009,965200,2,1071,+44.700256,-068.495437
23,009,965300,1,944,+44.640134,-068.710950
23,009,965300,2,855,+44.650038,-068.787753
23,009,965300,3,887,+44.597451,-068.808441
23,009,965300,4,1041,+44.591964,-068.781415
23,009,965300,5,1197,+44.581359,-068.772058
23,009,965400,1,759,+44.589160,-068.687223
23,009,965400,2,1466,+44.553997,-068.712239
23,009,965400,3,544,+44.539444,-068.783304
23,009,965503,1,863,+44.512113,-068.410684
23,009,965503,2,1484,+44.559223,-068.425818
23,009,965503,3,1058,+44.543549,-068.412808
23,009,965504,1,1887,+44.609313,-068.494973
23,009,965504,2,2474,+44.537280,-068.470594
23,009,965700,1,1483,+44.592724,-068.240612
23,009,965700,2,1510,+44.522408,-068.174720
23,009,965800,1,1219,+44.440106,-068.064527
23,009,965800,2,516,+44.397847,-068.086345
23,009,965800,3,518,+44.443387,-068.001575
23,009,965900,1,630,+44.388289,-068.208841
23,009,965900,2,1176,+44.379476,-068.204897
23,009,965900,3,742,+44.385798,-068.220062
23,009,965900,4,1035,+44.412669,-068.268936
23,009,965900,5,1652,+44.406569,-068.324859
23,009,966000,1,1007,+44.350166,-068.349126
23,009,966000,2,1046,+44.308986,-068.267828
23,009,966100,1,1252,+44.284677,-068.331487
23,009,966100,2,653,+44.257950,-068.296899
23,009,966200,1,910,+44.275343,-068.391036
23,009,966200,2,1046,+44.207436,-068.373788
23,009,966300,1,1227,+44.401760,-068.563586
23,009,966300,2,1466,+44.488003,-068.511808
23,009,966300,3,1459,+44.437083,-068.607270
23,009,966400,1,1263,+44.473412,-068.710670
23,009,966400,2,1366,+44.397919,-068.800059
23,009,966500,1,824,+44.285718,-068.573117
23,009,966500,2,1196,+44.342927,-068.641746
23,009,966500,3,934,+44.369054,-068.740383
23,009,966600,1,1043,+44.168482,-068.666061
23,009,966600,2,807,+44.204201,-068.687876
23,009,966600,3,1168,+44.243831,-068.656781
23,009,966700,1,1477,+44.541569,-068.330686
23,009,966700,2,1602,+44.486189,-068.327769
23,009,966700,3,1481,+44.444316,-068.400995
23,009,966700,4,917,+44.506431,-068.240416
23,009,990000,0,0,+44.202847,-068.202671
23,011,010100,1,1309,+44.333288,-069.680374
23,011,010100,2,1872,+44.342824,-069.743841
23,011,010100,3,850,+44.321221,-069.759104
23,011,010100,4,853,+44.319719,-069.766126
23,011,010200,1,1252,+44.367720,-069.802355
23,011,010200,2,1355,+44.331975,-069.782110
23,011,010200,3,752,+44.326176,-069.773838
23,011,010200,4,1026,+44.352152,-069.766917
23,011,010300,1,1145,+44.319550,-069.782775
23,011,010300,2,685,+44.322658,-069.810471
23,011,010300,3,934,+44.314950,-069.779279
23,011,010300,4,707,+44.312639,-069.783455
23,011,010400,1,754,+44.303826,-069.781288
23,011,010400,2,1553,+44.308332,-069.799008
23,011,010500,1,855,+44.296029,-069.698024
23,011,010500,2,2253,+44.301488,-069.757306
23,011,010500,3,981,+44.312107,-069.759918
23,011,010600,1,1850,+44.272021,-069.746035
23,011,010600,2,871,+44.257784,-069.690633
23,011,010600,3,740,+44.232119,-069.750723
23,011,010600,4,1032,+44.236286,-069.761054
23,011,010600,5,1387,+44.206325,-069.706712
23,011,010600,6,1279,+44.166806,-069.712706
23,011,010700,1,789,+44.291531,-069.793408
23,011,010700,2,738,+44.278328,-069.793186
23,011,010700,3,854,+44.292729,-069.816355
23,011,010801,1,1544,+44.348824,-069.859244
23,011,010801,2,1036,+44.298843,-069.871360
23,011,010802,1,669,+44.260531,-069.832339
23,011,010802,2,1503,+44.256403,-069.783857
23,011,010802,3,784,+44.242067,-069.784512
23,011,010802,4,1565,+44.242290,-069.881093
23,011,010802,5,1909,+44.211323,-069.855669
23,011,010900,1,870,+44.234270,-069.783499
23,011,010900,2,717,+44.228310,-069.786061
23,011,011000,1,558,+44.225749,-069.771494
23,011,011000,2,1143,+44.222249,-069.782050
23,011,011000,3,656,+44.210590,-069.776561
23,011,011000,4,1024,+44.189717,-069.809257
23,011,011000,5,832,+44.175233,-069.771484
23,011,012000,1,942,+44.197852,-069.949770
23,011,012000,2,945,+44.179912,-069.907864
23,011,012000,3,1737,+44.140323,-069.973010
23,011,013000,1,1429,+44.264431,-070.035694
23,011,013000,2,1176,+44.222843,-069.979099
23,011,013000,3,1499,+44.220022,-070.034746
23,011,014000,1,1769,+44.312311,-070.001914
23,011,014000,2,890,+44.306508,-069.969369
23,011,014000,3,1675,+44.297296,-069.943105
23,011,014000,4,730,+44.329160,-069.914789
23,011,014000,5,1028,+44.325074,-069.959125
23,011,014500,1,1140,+44.438898,-070.067373
23,011,014500,2,1189,+44.353307,-070.058523
23,011,015000,1,1414,+44.394289,-069.977198
23,011,015000,2,1184,+44.374224,-069.928410
23,011,015500,1,1010,+44.568817,-069.889084
23,011,015500,2,1640,+44.461809,-069.958724
23,011,015500,3,570,+44.546555,-070.011581
23,011,016000,1,1190,+44.524341,-069.821918
23,011,016000,2,1102,+44.466118,-069.875376
23,011,016000,3,897,+44.464339,-069.818507
23,011,017000,1,1749,+44.450260,-069.781162
23,011,017000,2,2459,+44.441473,-069.736185
23,011,018000,1,762,+44.446178,-069.674237
23,011,018000,2,1257,+44.390964,-069.663632
23,011,018000,3,2321,+44.460450,-069.622053
23,011,019000,1,1156,+44.321428,-069.608083
23,011,019000,2,1419,+44.301290,-069.559845
23,011,020000,1,1203,+44.448828,-069.549086
23,011,020000,2,1154,+44.442461,-069.505997
23,011,020000,3,1971,+44.379360,-069.557507
23,011,020500,1,1059,+44.537594,-069.462548
23,011,020500,2,1025,+44.504984,-069.423943
23,011,021000,1,1425,+44.640629,-069.492967
23,011,021000,2,2061,+44.674676,-069.550223
23,011,022000,1,1015,+44.593199,-069.576046
23,011,022000,2,1717,+44.587606,-069.507391
23,011,023001,1,680,+44.557157,-069.598917
23,011,023001,2,1361,+44.553333,-069.615722
23,011,023001,3,700,+44.544474,-069.623075
23,011,023001,4,906,+44.542811,-069.614167
23,011,023002,1,1177,+44.524021,-069.639283
23,011,023002,2,1624,+44.514843,-069.608144
23,011,023002,3,1346,+44.535904,-069.554721
23,011,024101,1,773,+44.570067,-069.623306
23,011,024101,2,1044,+44.559361,-069.638656
23,011,024101,3,1600,+44.562263,-069.629809
23,011,024101,4,625,+44.572922,-069.641926
23,011,024102,1,880,+44.542421,-069.640260
23,011,024102,2,693,+44.558699,-069.626424
23,011,024102,3,730,+44.546105,-069.633507
23,011,024102,4,981,+44.539779,-069.638583
23,011,024102,5,1740,+44.551268,-069.636939
23,011,024200,1,2223,+44.558506,-069.661060
23,011,024200,2,1566,+44.543456,-069.655176
23,011,024200,3,1288,+44.549755,-069.647690
23,011,024200,4,960,+44.533426,-069.668959
23,011,024200,5,619,+44.516391,-069.679620
23,011,025000,1,1619,+44.579919,-069.737714
23,011,025000,2,1148,+44.541163,-069.750880
23,011,025000,3,1436,+44.553013,-069.717874
23,011,025000,4,989,+44.554858,-069.694197
23,011,025000,5,1048,+44.528630,-069.721198
23,013,970200,1,763,+44.224031,-069.060003
23,013,970200,2,1085,+44.202252,-069.066768
23,013,970200,3,1326,+44.210275,-069.075009
23,013,970200,4,586,+44.229255,-069.086945
23,013,970200,5,1090,+44.220278,-069.103256
23,013,970300,1,1536,+44.245193,-069.188379
23,013,970300,2,1316,+44.298255,-069.262439
23,013,970300,3,1527,+44.267767,-069.390019
23,013,970300,4,1532,+44.227676,-069.294085
23,013,970300,5,727,+44.198537,-069.247213
23,013,970400,1,1961,+44.148506,-069.251532
23,013,970400,2,2790,+44.093778,-069.235343
23,013,970400,3,398,+44.074338,-069.194153
23,013,970400,4,939,+44.075724,-069.178187
23,013,970400,5,1444,+44.090167,-069.178378
23,013,970500,1,1369,+44.162206,-069.096410
23,013,970500,2,669,+44.185620,-069.073399
23,013,970500,3,1292,+44.183603,-069.138236
23,013,970600,1,582,+44.102527,-069.114658
23,013,970600,2,912,+44.101135,-069.127276
23,013,970600,3,741,+44.096430,-069.114541
23,013,970600,4,566,+44.096377,-069.108109
23,013,970700,1,1276,+44.123441,-069.119156
23,013,970700,2,830,+44.112360,-069.110445
23,013,970700,3,1882,+44.111517,-069.118695
23,013,970700,4,508,+44.113104,-069.102000
23,013,970800,1,581,+44.027956,-069.124677
23,013,970800,2,692,+44.062773,-069.103125
23,013,970800,3,977,+44.052836,-069.147502
23,013,970800,4,888,+44.079054,-069.080478
23,013,970900,1,881,+43.948395,-069.239863
23,013,970900,2,821,+44.009122,-069.166098
23,013,970900,3,889,+43.991925,-069.207509
23,013,971000,1,545,+43.986381,-069.325105
23,013,971000,2,1534,+44.022789,-069.246685
23,013,971000,3,607,+44.004540,-069.332866
23,013,971100,1,429,+44.058147,-068.855896
23,013,971100,2,742,+44.055945,-068.820528
23,013,971100,3,355,+44.148212,-068.864934
23,013,971100,4,148,+43.955763,-068.758594
23,013,990000,0,0,+43.953889,-068.932725
23,015,975100,1,549,+44.289991,-069.476795
23,015,975100,2,1673,+44.212134,-069.499955
23,015,975100,3,754,+44.168647,-069.494189
23,015,975100,4,1273,+44.245804,-069.597671
23,015,975100,5,1027,+44.184336,-069.619821
23,015,975200,1,2189,+44.149936,-069.373841
23,015,975200,2,1642,+44.075261,-069.349702
23,015,975200,3,1244,+44.083592,-069.406451
23,015,975300,1,1009,+44.110993,-069.482180
23,015,975300,2,634,+44.081367,-069.473364
23,015,975300,3,1177,+44.045273,-069.495628
23,015,975300,4,1041,+44.021986,-069.514270
23,015,975400,1,709,+44.085824,-069.627751
23,015,975400,2,1752,+44.048652,-069.559237
23,015,975400,3,1249,+43.967781,-069.628883
23,015,975500,1,1672,+44.080866,-069.741858
23,015,975500,2,1676,+44.019172,-069.698572
23,015,975500,3,1191,+44.033828,-069.663219
23,015,975500,4,865,+43.975144,-069.695775
23,015,975500,5,718,+43.928706,-069.691242
23,015,975600,1,806,+44.011538,-069.433662
23,015,975600,2,1221,+43.917603,-069.496245
23,015,975600,3,0,+43.910184,-069.400439
23,015,975600,4,615,+43.866700,-069.506497
23,015,975600,5,69,+43.764089,-069.315116
23,015,975600,6,919,+43.973225,-069.498028
23,015,975700,1,892,+43.917515,-069.556089
23,015,975800,1,1268,+43.900987,-069.651940
23,015,975800,2,1143,+43.893624,-069.604077
23,015,975800,3,709,+43.847496,-069.588490
23,015,976200,1,1235,+43.858071,-069.625102
23,015,976200,2,488,+43.856129,-069.645001
23,015,976200,3,606,+43.821010,-069.666178
23,015,976200,4,442,+43.844379,-069.621233
23,015,990000,0,0,+43.802969,-069.465252
23,017,965100,1,437,+44.606811,-070.964888
23,017,965100,2,329,+44.511514,-070.832595
23,017,965100,3,821,+44.619423,-070.744356
23,017,965400,1,1180,+44.610518,-070.579284
23,017,965400,2,1458,+44.565043,-070.526764
23,017,965400,3,557,+44.555924,-070.538591
23,017,965500,1,1264,+44.514451,-070.586709
23,017,965500,2,951,+44.548070,-070.549013
23,017,965600,1,1358,+44.553682,-070.553069
23,017,965600,2,938,+44.556763,-070.562584
23,017,965600,3,1330,+44.541424,-070.573610
23,017,965700,1,990,+44.451467,-070.310430
23,017,965700,2,2550,+44.545488,-070.416034
23,017,965800,1,855,+44.508498,-070.461576
23,017,965800,2,686,+44.477897,-070.412008
23,017,965800,3,939,+44.370324,-070.432991
23,017,965800,4,1185,+44.372997,-070.332994
23,017,965900,1,736,+44.449460,-070.787777
23,017,965900,2,1134,+44.396550,-070.805523
23,017,965900,3,1118,+44.445900,-070.717730
23,017,966000,1,1200,+44.257263,-070.863682
23,017,966000,2,1277,+44.384225,-070.608859
23,017,966000,3,830,+44.354444,-070.675586
23,017,966100,1,1812,+44.324478,-070.542602
23,017,966200,1,1576,+44.246225,-070.527143
23,017,966200,2,1860,+44.246430,-070.498456
23,017,966200,3,819,+44.218053,-070.520006
23,017,966200,4,928,+44.212736,-070.478371
23,017,966300,1,2009,+44.288082,-070.367993
23,017,966300,2,1416,+44.203423,-070.382561
23,017,966400,1,962,+44.088334,-070.496913
23,017,966400,2,1332,+44.100588,-070.559312
23,017,966400,3,2082,+44.145329,-070.464956
23,017,966400,4,1504,+44.163249,-070.518576
23,017,966500,1,2227,+44.222059,-070.600838
23,017,966500,2,688,+44.233319,-070.556856
23,017,966500,3,1345,+44.204051,-070.539613
23,017,966500,4,754,+44.215622,-070.534264
23,017,966600,1,1553,+44.197781,-070.715695
23,017,966600,2,1115,+44.146831,-070.857889
23,017,966600,3,416,+44.197202,-070.908640
23,017,966700,1,1727,+44.066020,-070.949976
23,017,966700,2,921,+44.012085,-070.952502
23,017,966700,3,801,+44.015126,-070.977563
23,017,966800,1,1148,+43.984349,-070.808723
23,017,966800,2,1597,+43.934556,-070.911037
23,017,966900,1,1620,+43.854507,-070.836427
23,017,966900,2,1498,+43.824769,-070.918579
23,019,000200,1,1001,+44.804266,-068.760697
23,019,000200,2,613,+44.801360,-068.771575
23,019,000200,3,1145,+44.807833,-068.761198
23,019,000200,4,677,+44.806390,-068.768212
23,019,000300,1,1925,+44.820965,-068.749500
23,019,000300,2,1117,+44.813049,-068.753483
23,019,000300,3,1430,+44.813281,-068.765363
23,019,000400,1,2364,+44.811912,-068.773907
23,019,000500,1,715,+44.802410,-068.778706
23,019,000500,2,1211,+44.807726,-068.783014
23,019,000500,3,721,+44.802924,-068.796170
23,019,000500,4,574,+44.803280,-068.789942
23,019,000500,5,646,+44.805816,-068.783083
23,019,000600,1,578,+44.799690,-068.776257
23,019,000600,2,642,+44.793002,-068.779709
23,019,000600,3,1059,+44.796882,-068.778933
23,019,000700,1,887,+44.792078,-068.796653
23,019,000700,2,2116,+44.796961,-068.790914
23,019,000900,1,2398,+44.832587,-068.822949
23,019,000900,2,2586,+44.840824,-068.818450
23,019,000900,3,1740,+44.813108,-068.802270
23,019,002000,1,1118,+44.763858,-068.805786
23,019,002000,2,1348,+44.761523,-068.824051
23,019,002000,3,1661,+44.728403,-068.848728
23,019,002000,4,1105,+44.756314,-068.895546
23,019,002000,5,2025,+44.719834,-068.910066
23,019,003000,1,1343,+44.738189,-068.767880
23,019,003000,2,1682,+44.732457,-068.807825
23,019,003000,3,708,+44.686204,-068.775641
23,019,004100,1,768,+44.775181,-068.778482
23,019,004100,2,1048,+44.792533,-068.765243
23,019,004200,1,901,+44.782245,-068.765829
23,019,004200,2,1729,+44.770468,-068.760284
23,019,004300,1,1104,+44.785327,-068.739197
23,019,004300,2,2076,+44.802173,-068.726628
23,019,004300,3,915,+44.795538,-068.749959
23,019,004300,4,941,+44.794681,-068.756800
23,019,005000,1,902,+44.832068,-068.706685
23,019,005000,2,1017,+44.843510,-068.715716
23,019,006100,1,1112,+44.877713,-068.672461
23,019,006100,2,1608,+44.892460,-068.656550
23,019,006200,1,698,+44.892549,-068.682232
23,019,006200,2,888,+44.889743,-068.742109
23,019,006200,3,1250,+44.876391,-068.687946
23,019,006300,1,1583,+44.894142,-068.666707
23,019,006300,2,3223,+44.902071,-068.667883
23,019,007100,1,1233,+44.930326,-068.652190
23,019,007100,2,1274,+44.935381,-068.646784
23,019,007100,3,722,+44.928048,-068.644037
23,019,007100,4,902,+44.917911,-068.649061
23,019,007100,5,923,+44.940882,-068.661108
23,019,007200,1,2002,+44.921966,-068.693702
23,019,007200,2,784,+44.965286,-068.725561
23,019,008001,1,1492,+44.893632,-068.624031
23,019,008001,2,1123,+44.935551,-068.621490
23,019,008001,3,1947,+44.958534,-068.631451
23,019,009000,1,921,+44.805513,-068.523116
23,019,009000,2,1360,+44.829981,-068.640458
23,019,009000,3,865,+44.797791,-068.626265
23,019,009000,4,902,+44.781232,-068.633707
23,019,009000,5,838,+44.775763,-068.679491
23,019,009000,6,1336,+44.738966,-068.686738
23,019,010000,1,2085,+44.836146,-068.897814
23,019,010000,2,2271,+44.808669,-068.940389
23,019,010000,3,1060,+44.801181,-068.879414
23,019,011000,1,1438,+44.820761,-069.029583
23,019,011000,2,1356,+44.782854,-069.037731
23,019,012000,1,1551,+44.718420,-069.005150
23,019,012500,1,1380,+44.768847,-069.223977
23,019,012500,2,1181,+44.694694,-069.133960
23,019,013000,1,987,+44.832345,-069.273845
23,019,013000,2,1446,+44.844682,-069.266072
23,019,013000,3,842,+44.859764,-069.213109
23,019,013500,1,1202,+44.884765,-069.112657
23,019,013500,2,1246,+44.794049,-069.134034
23,019,014000,1,1006,+44.938052,-069.282199
23,019,014000,2,1192,+44.943924,-069.237624
23,019,015000,1,1106,+45.013229,-069.298551
23,019,015000,2,850,+45.016944,-069.266905
23,019,015000,3,1939,+45.041847,-069.283497
23,019,015500,1,1105,+45.042962,-069.159060
23,019,015500,2,1092,+44.962945,-069.130846
23,019,018000,1,2851,+44.880706,-068.985371
23,019,020500,1,1290,+45.084595,-068.920512
23,019,020500,2,1536,+44.992776,-068.892339
23,019,021500,1,1167,+45.031958,-068.737125
23,019,021500,2,839,+45.165667,-068.798133
23,019,022500,1,1865,+45.097588,-068.601922
23,019,024500,1,1064,+45.168489,-068.453008
23,019,024500,2,1329,+45.393218,-068.313747
23,019,025500,1,687,+45.529617,-068.351069
23,019,025500,2,1191,+45.445062,-068.126645
23,019,026500,1,1349,+45.603772,-068.523489
23,019,026500,2,794,+45.458163,-068.478804
23,019,027000,1,2224,+45.353863,-068.487318
23,019,027000,2,1093,+45.323547,-068.530083
23,019,027000,3,1768,+45.386259,-068.481075
23,019,028000,1,1607,+45.262182,-068.606016
23,019,028500,1,1373,+45.256415,-068.675503
23,019,029000,1,470,+45.653527,-068.709106
23,019,029000,2,1614,+45.981174,-068.465340
23,019,030000,1,1134,+45.662439,-068.692309
23,019,030000,2,898,+45.652923,-068.695361
23,019,030000,3,924,+45.657883,-068.716655
23,019,030000,4,1543,+45.660043,-068.710131
23,019,031000,1,1723,+45.628867,-068.571593
23,019,031100,1,1101,+44.847085,-068.760311
23,019,031100,2,885,+44.831587,-068.779373
23,019,031100,3,3162,+44.825024,-068.788965
23,019,031100,4,1746,+44.851802,-068.792967
23,019,031200,1,1409,+45.069970,-069.045546
23,019,031200,2,1695,+44.984753,-068.983972
23,019,031200,3,1183,+44.978430,-069.037513
23,019,031300,1,1348,+44.916652,-068.935583
23,019,031300,2,2503,+44.909546,-068.823634
23,019,031300,3,2091,+44.891075,-068.873177
23,019,940000,1,610,+44.952984,-068.651333
23,021,960301,1,112,+45.486211,-069.641325
23,021,960301,2,983,+45.465103,-069.599958
23,021,960301,3,663,+45.459013,-069.572275
23,021,960302,1,404,+45.514847,-069.245779
23,021,960400,1,623,+45.313201,-069.468434
23,021,960400,2,686,+45.284786,-069.498951
23,021,960500,1,714,+45.193961,-069.469694
23,021,960500,2,1131,+45.100378,-069.475043
23,021,960600,1,649,+45.142961,-069.297089
23,021,960600,2,1521,+45.179874,-069.372093
23,021,960600,3,694,+45.130111,-069.345481
23,021,960700,1,1550,+45.202419,-069.237895
23,021,960700,2,1696,+45.154960,-069.210100
23,021,960700,3,967,+45.186154,-069.209282
23,021,960800,1,1454,+45.212859,-068.994908
23,021,960800,2,843,+45.255707,-068.931331
23,021,960800,3,630,+45.243840,-069.111641
23,021,960800,4,876,+45.264157,-068.996953
23,021,960900,1,1339,+45.340082,-069.032914
23,023,970100,1,1693,+44.109473,-069.811659
23,023,970100,2,876,+44.132046,-069.870457
23,023,970100,3,842,+44.085303,-069.803996
23,023,970200,1,1340,+44.039819,-069.852312
23,023,970200,2,1549,+44.035110,-069.902069
23,023,970200,3,2026,+44.075858,-069.969964
23,023,970200,4,1035,+44.017939,-069.967228
23,023,970301,1,2248,+43.963889,-069.997911
23,023,970301,2,2326,+43.948069,-069.945613
23,023,970302,1,745,+43.922852,-069.974681
23,023,970302,2,1987,+43.933311,-069.928160
23,023,970302,3,1478,+43.933228,-069.970909
23,023,970400,1,1469,+43.837334,-069.756667
23,023,970400,2,1644,+43.977743,-069.780574
23,023,970400,3,1428,+43.945002,-069.756992
23,023,970500,1,2072,+43.929443,-069.829796
23,023,970500,2,1056,+43.915457,-069.823728
23,023,970500,3,819,+43.933174,-069.818011
23,023,970500,4,799,+43.922943,-069.815655
23,023,970500,5,616,+43.914881,-069.817089
23,023,970600,1,634,+43.902524,-069.818163
23,023,970600,2,1384,+43.909891,-069.824914
23,023,970600,3,1134,+43.893327,-069.821710
23,023,970700,1,1084,+43.819963,-069.838367
23,023,970700,2,1132,+43.796432,-069.818439
23,023,970700,3,1181,+43.898058,-069.862799
23,023,970700,4,696,+43.861805,-069.849848
23,023,990000,0,0,+43.708446,-069.772151
23,025,965301,1,1080,+45.629601,-070.240995
23,025,965302,1,412,+45.680364,-069.876350
23,025,965302,2,605,+45.087147,-069.895387
23,025,965302,3,292,+45.239775,-070.006994
23,025,965302,4,68,+45.580325,-070.271764
23,025,965600,1,1089,+44.949093,-069.670462
23,025,965600,2,939,+44.978569,-069.552631
23,025,965700,1,941,+44.941766,-069.412481
23,025,965700,2,950,+45.018438,-069.418319
23,025,965700,3,1064,+44.916126,-069.381309
23,025,965800,1,1986,+44.849246,-069.369180
23,025,965800,2,852,+44.775418,-069.315501
23,025,965900,1,1782,+44.876167,-069.478172
23,025,966000,1,783,+44.798084,-069.427058
23,025,966000,2,1273,+44.775324,-069.415220
23,025,966000,3,992,+44.765854,-069.387913
23,025,966000,4,1167,+44.789497,-069.376709
23,025,966100,1,1314,+44.861460,-069.683071
23,025,966100,2,2275,+44.760274,-069.550215
23,025,966200,1,1053,+44.944895,-069.818155
23,025,966200,2,922,+45.048680,-069.874181
23,025,966300,1,1056,+44.941535,-070.031930
23,025,966300,2,939,+44.920469,-069.923139
23,025,966400,1,1554,+44.844561,-069.910880
23,025,966400,2,957,+44.801934,-069.928292
23,025,966500,1,2160,+44.828686,-069.787594
23,025,966500,2,1091,+44.804845,-069.877517
23,025,966500,3,1604,+44.793489,-069.870973
23,025,966600,1,743,+44.782724,-069.720624
23,025,966600,2,1179,+44.771317,-069.726464
23,025,966600,3,1315,+44.786304,-069.683672
23,025,966600,4,1032,+44.775792,-069.714345
23,025,966700,1,1826,+44.740129,-069.716437
23,025,966700,2,1839,+44.752091,-069.667042
23,025,966700,3,655,+44.760146,-069.710980
23,025,966800,1,2466,+44.635546,-069.689074
23,025,966800,2,1005,+44.582440,-069.603810
23,025,966800,3,813,+44.592137,-069.600652
23,025,966800,4,858,+44.587440,-069.601724
23,025,966800,5,784,+44.623931,-069.599569
23,025,966800,6,809,+44.601031,-069.642661
23,025,966900,1,1619,+44.739324,-069.820046
23,025,966900,2,1748,+44.701885,-069.788101
23,025,967000,1,1304,+44.698501,-069.933659
23,025,967000,2,1033,+44.635484,-069.809857
23,027,041000,1,1536,+44.656347,-068.934983
23,027,041000,2,2221,+44.657052,-068.854956
23,027,042000,1,1124,+44.599299,-068.922672
23,027,042000,2,709,+44.555383,-068.872284
23,027,042000,3,677,+44.502264,-068.870819
23,027,042000,4,914,+44.491899,-068.838386
23,027,042000,5,1038,+44.508654,-068.956190
23,027,042000,6,1577,+44.465538,-068.925622
23,027,043000,1,1604,+44.450312,-068.999646
23,027,043000,2,1376,+44.433654,-069.053957
23,027,043000,3,1250,+44.425314,-069.007935
23,027,043000,4,1442,+44.415542,-069.000155
23,027,043000,5,996,+44.398604,-069.037163
23,027,044000,1,566,+44.313293,-068.906079
23,027,044000,2,916,+44.304256,-069.110201
23,027,044000,3,1520,+44.354384,-068.991591
23,027,044000,4,1248,+44.289738,-069.054765
23,027,045000,1,806,+44.524461,-069.217943
23,027,045000,2,884,+44.433982,-069.158061
23,027,045000,3,942,+44.383688,-069.117408
23,027,045000,4,1392,+44.366723,-069.195299
23,027,045000,5,913,+44.374924,-069.329759
23,027,045000,6,1032,+44.437635,-069.279725
23,027,046001,1,1535,+44.398170,-069.427914
23,027,046001,2,719,+44.499850,-069.339024
23,027,046002,1,890,+44.594381,-069.243208
23,027,046002,2,1030,+44.676828,-069.254074
23,027,046002,3,1397,+44.589873,-069.323666
23,027,046002,4,702,+44.614209,-069.347412
23,027,046002,5,1164,+44.683539,-069.376463
23,027,047000,1,1438,+44.607233,-069.075752
23,027,047000,2,1078,+44.542514,-069.124949
23,027,047000,3,1388,+44.522159,-069.005765
23,027,047000,4,762,+44.468383,-069.101933
23,029,955100,1,1195,+45.346405,-067.607141
23,029,955100,2,589,+45.645292,-067.861023
23,029,955100,3,895,+45.141419,-067.751113
23,029,955300,1,832,+45.204652,-067.555836
23,029,955300,2,734,+45.088388,-067.511128
23,029,955400,1,755,+45.163186,-067.417395
23,029,955400,2,766,+45.144721,-067.406470
23,029,955500,1,644,+45.185601,-067.283606
23,029,955500,2,752,+45.183584,-067.274235
23,029,955500,3,1727,+45.165292,-067.258621
23,029,955600,1,1393,+45.021421,-067.118293
23,029,955600,2,819,+44.962085,-067.055332
23,029,955700,1,1331,+44.910725,-066.998467
23,029,955800,1,434,+44.854480,-066.993291
23,029,955800,2,747,+44.853657,-067.090941
23,029,955800,3,625,+44.804515,-067.049874
23,029,955800,4,507,+44.677028,-067.220923
23,029,955900,1,925,+45.009156,-067.269386
23,029,955900,2,840,+44.951912,-067.174482
23,029,955900,3,1079,+44.865889,-067.303790
23,029,956100,1,1368,+44.750292,-067.399011
23,029,956100,2,1119,+44.665021,-067.394528
23,029,956200,1,738,+44.738643,-067.490557
23,029,956200,2,1108,+44.716284,-067.465934
23,029,956200,3,1113,+44.695813,-067.458546
23,029,956300,1,911,+44.647831,-067.543692
23,029,956300,2,1370,+44.563800,-067.604680
23,029,956300,3,508,+44.509918,-067.603499
23,029,956400,1,1046,+44.666830,-067.763345
23,029,956400,2,1004,+44.607852,-067.812634
23,029,956400,3,1266,+44.583573,-067.711405
23,029,956500,1,1232,+44.612510,-067.925153
23,029,956500,2,1131,+44.501182,-067.945601
23,029,956500,3,1353,+44.542464,-067.876844
23,029,990000,0,0,+44.526812,-067.438881
23,031,005100,1,1695,+43.573015,-070.485844
23,031,005100,2,1926,+43.550265,-070.455132
23,031,005100,3,1437,+43.522729,-070.485641
23,031,005200,1,2519,+43.504335,-070.430827
23,031,005200,2,2038,+43.524539,-070.430168
23,031,005300,1,2756,+43.510546,-070.460068
23,031,005300,2,1029,+43.502477,-070.453029
23,031,005300,3,1337,+43.496980,-070.440979
23,031,005300,4,1216,+43.500092,-070.447719
23,031,005400,1,650,+43.473655,-070.387968
23,031,005400,2,1879,+43.489101,-070.408119
23,031,006101,1,2074,+43.517268,-070.406629
23,031,006101,2,798,+43.524805,-070.393985
23,031,006101,3,339,+43.529585,-070.361717
23,031,006101,4,855,+43.507658,-070.400567
23,031,006101,5,1224,+43.533072,-070.384386
23,031,006102,1,1152,+43.512518,-070.383212
23,031,006102,2,443,+43.508617,-070.378902
23,031,006102,3,816,+43.517200,-070.381371
23,031,006102,4,455,+43.503043,-070.391937
23,031,006102,5,468,+43.510006,-070.386981
23,031,020000,1,2023,+43.683822,-070.567544
23,031,020000,2,2554,+43.662067,-070.525492
23,031,020000,3,1739,+43.630004,-070.544737
23,031,020000,4,1718,+43.599478,-070.526290
23,031,021000,1,1502,+43.657760,-070.634143
23,031,021000,2,1615,+43.623104,-070.638195
23,031,021000,3,1164,+43.591177,-070.596491
23,031,022000,1,1620,+43.762890,-070.711052
23,031,022000,2,2093,+43.710751,-070.683001
23,031,022500,1,1403,+43.780864,-070.807549
23,031,022500,2,1181,+43.780833,-070.886556
23,031,022500,3,717,+43.712187,-070.906830
23,031,023000,1,1410,+43.691643,-070.761805
23,031,023000,2,1482,+43.679722,-070.798588
23,031,023500,1,1522,+43.641500,-070.898380
23,031,023500,2,1108,+43.556363,-070.924150
23,031,023500,3,1339,+43.497755,-070.911566
23,031,023500,4,1004,+43.510875,-070.843815
23,031,023500,5,1664,+43.575376,-070.835281
23,031,024000,1,1299,+43.590005,-070.764060
23,031,024000,2,2391,+43.650186,-070.725996
23,031,024000,3,3078,+43.595803,-070.701798
23,031,024000,4,925,+43.533346,-070.714403
23,031,024500,1,1965,+43.546120,-070.576878
23,031,024500,2,1399,+43.522301,-070.646069
23,031,024500,3,1808,+43.486885,-070.607624
23,031,024500,4,1137,+43.473596,-070.649788
23,031,025100,1,2428,+43.494049,-070.496739
23,031,025100,2,1372,+43.472312,-070.475036
23,031,025201,1,1747,+43.489870,-070.461179
23,031,025201,2,1173,+43.487984,-070.468822
23,031,025201,3,2203,+43.492975,-070.465350
23,031,025202,1,1175,+43.490852,-070.451218
23,031,025202,2,660,+43.483944,-070.464560
23,031,025202,3,1558,+43.486492,-070.458157
23,031,025202,4,2082,+43.481620,-070.454960
23,031,025202,5,991,+43.489381,-070.445105
23,031,025202,6,500,+43.493269,-070.457748
23,031,025300,1,1840,+43.468778,-070.439370
23,031,025300,2,1094,+43.446324,-070.418485
23,031,025400,1,386,+43.435371,-070.362206
23,031,025400,2,2068,+43.457277,-070.384949
23,031,026000,1,1466,+43.409670,-070.501231
23,031,026000,2,2556,+43.453663,-070.540882
23,031,027000,1,549,+43.368213,-070.440671
23,031,027000,2,1790,+43.404156,-070.447522
23,031,027000,3,1135,+43.362026,-070.464062
23,031,028001,1,2231,+43.421201,-070.591384
23,031,028001,2,1155,+43.396816,-070.619381
23,031,028002,1,1594,+43.366667,-070.512125
23,031,028002,2,825,+43.354405,-070.492237
23,031,028002,3,1017,+43.385498,-070.527460
23,031,028002,4,1891,+43.398956,-070.543562
23,031,028002,5,2085,+43.384565,-070.552510
23,031,029000,1,1334,+43.497500,-070.748272
23,031,029000,2,1685,+43.460538,-070.697779
23,031,030100,1,1990,+43.472374,-070.794011
23,031,030100,2,992,+43.460122,-070.790180
23,031,030100,3,1356,+43.463678,-070.819939
23,031,030201,1,1412,+43.448292,-070.776219
23,031,030201,2,1803,+43.440702,-070.794420
23,031,030202,1,932,+43.444310,-070.754632
23,031,030202,2,1191,+43.436078,-070.758738
23,031,030202,3,1636,+43.427060,-070.760440
23,031,030202,4,655,+43.446349,-070.766703
23,031,030202,5,1213,+43.441754,-070.771152
23,031,030203,1,838,+43.438063,-070.780002
23,031,030203,2,2383,+43.422689,-070.767671
23,031,030203,3,838,+43.424224,-070.788674
23,031,030300,1,1666,+43.406163,-070.691586
23,031,030300,2,1325,+43.370233,-070.720189
23,031,030300,3,568,+43.431524,-070.718051
23,031,031000,1,1712,+43.353980,-070.926901
23,031,031000,2,2005,+43.395761,-070.942903
23,031,031000,3,2314,+43.421451,-070.872190
23,031,032000,1,2045,+43.279929,-070.856704
23,031,032000,2,2888,+43.288596,-070.827393
23,031,032000,3,2313,+43.297306,-070.881163
23,031,033000,1,1464,+43.358379,-070.760196
23,031,033000,2,1219,+43.302198,-070.731707
23,031,033000,3,1893,+43.317725,-070.776329
23,031,034001,1,417,+43.246670,-070.595518
23,031,034001,2,947,+43.339754,-070.579128
23,031,034001,3,475,+43.256866,-070.610618
23,031,034001,4,554,+43.281373,-070.585522
23,031,034001,5,608,+43.304817,-070.574533
23,031,034001,6,457,+43.330262,-070.562582
23,031,034001,7,1671,+43.293794,-070.600662
23,031,034002,1,960,+43.371983,-070.643727
23,031,034002,2,884,+43.351015,-070.611139
23,031,034002,3,1903,+43.303840,-070.651308
23,031,034002,4,1605,+43.341038,-070.692201
23,031,035000,1,2376,+43.241899,-070.741984
23,031,035000,2,2263,+43.220511,-070.791127
23,031,035000,3,1295,+43.236570,-070.810778
23,031,035000,4,1286,+43.227546,-070.799938
23,031,036001,1,1290,+43.125559,-070.670682
23,031,036001,2,714,+43.168331,-070.608314
23,031,036001,3,2657,+43.158917,-070.644739
23,031,036001,4,1350,+43.141963,-070.639007
23,031,036001,5,283,+43.177743,-070.608389
23,031,036001,6,597,+43.147096,-070.628831
23,031,036002,1,1180,+43.213041,-070.605165
23,031,036002,2,733,+43.173735,-070.651539
23,031,036002,3,1422,+43.159788,-070.720261
23,031,036002,4,1601,+43.183348,-070.678473
23,031,036002,5,702,+43.227484,-070.652193
23,031,037000,1,1900,+43.110157,-070.779141
23,031,037000,2,1589,+43.142707,-070.813709
23,031,037000,3,2715,+43.153285,-070.778388
23,031,038001,1,959,+43.084890,-070.692103
23,031,038001,2,1946,+43.091495,-070.729175
23,031,038001,3,1371,+43.103777,-070.703387
23,031,038001,4,870,+43.085562,-070.742302
23,031,038001,5,961,+43.096718,-070.739598
23,031,038002,1,1536,+43.116811,-070.747382
23,031,038002,2,887,+43.089965,-070.754060
23,031,038002,3,960,+43.122662,-070.706532
23,031,990100,0,0,+43.148353,-070.499836
