STATEFP,COUNTYFP,TRACTCE,BLKGRPCE,POPULATION,LATITUDE,LONGITUDE
35,001,000107,1,1737,+35.126759,-106.491609
35,001,000107,2,978,+35.119693,-106.493887
35,001,000108,1,1102,+35.125838,-106.504169
35,001,000108,2,1581,+35.128141,-106.507149
35,001,000109,1,1249,+35.126756,-106.520188
35,001,000109,2,1328,+35.127367,-106.529121
35,001,000110,1,1691,+35.119294,-106.518850
35,001,000110,2,1182,+35.121444,-106.527463
35,001,000110,3,688,+35.118373,-106.527701
35,001,000111,1,1807,+35.119731,-106.502305
35,001,000111,2,1000,+35.119406,-106.511283
35,001,000112,1,1213,+35.112539,-106.493203
35,001,000112,2,867,+35.105157,-106.493478
35,001,000113,1,1707,+35.112426,-106.502898
35,001,000113,2,1450,+35.112743,-106.510130
35,001,000114,1,1665,+35.112539,-106.528551
35,001,000114,2,1532,+35.112877,-106.519993
35,001,000115,1,1255,+35.107214,-106.529740
35,001,000115,2,811,+35.103201,-106.528423
35,001,000115,3,1203,+35.105194,-106.519854
35,001,000116,1,1377,+35.105137,-106.501767
35,001,000116,2,1531,+35.104873,-106.510474
35,001,000117,1,1115,+35.126455,-106.546819
35,001,000117,2,1211,+35.126875,-106.538303
35,001,000118,1,1849,+35.127438,-106.555404
35,001,000118,2,979,+35.127227,-106.564739
35,001,000119,1,1154,+35.120068,-106.564720
35,001,000119,2,682,+35.120231,-106.554532
35,001,000120,1,1261,+35.120343,-106.537533
35,001,000120,2,1405,+35.120129,-106.547057
35,001,000121,1,1381,+35.112897,-106.537933
35,001,000121,2,1068,+35.105727,-106.538374
35,001,000121,3,1124,+35.107471,-106.545463
35,001,000121,4,1461,+35.112931,-106.546501
35,001,000121,5,736,+35.103968,-106.545137
35,001,000122,1,858,+35.108445,-106.554320
35,001,000122,2,911,+35.113497,-106.558806
35,001,000122,3,946,+35.112792,-106.565605
35,001,000122,4,1373,+35.104940,-106.561368
35,001,000123,1,665,+35.099985,-106.537577
35,001,000123,2,1055,+35.095114,-106.536827
35,001,000123,3,958,+35.090198,-106.538123
35,001,000123,4,1118,+35.091627,-106.546116
35,001,000123,5,1268,+35.097953,-106.546508
35,001,000124,1,847,+35.100856,-106.573798
35,001,000124,2,791,+35.097201,-106.560877
35,001,000124,3,665,+35.097610,-106.557669
35,001,000124,4,1339,+35.097217,-106.553835
35,001,000125,1,1407,+35.092938,-106.485029
35,001,000125,2,1707,+35.091709,-106.492873
35,001,000125,3,1090,+35.098678,-106.493063
35,001,000126,1,1350,+35.098637,-106.502012
35,001,000126,2,1516,+35.097963,-106.510708
35,001,000127,1,685,+35.097389,-106.518028
35,001,000127,2,1044,+35.097888,-106.522799
35,001,000127,3,1072,+35.098328,-106.528418
35,001,000128,1,730,+35.090626,-106.530276
35,001,000128,2,978,+35.092864,-106.525381
35,001,000128,3,675,+35.090923,-106.518224
35,001,000128,4,845,+35.088775,-106.522656
35,001,000129,1,1754,+35.090685,-106.499836
35,001,000129,2,1865,+35.089800,-106.510089
35,001,000129,3,1073,+35.090345,-106.504200
35,001,000203,1,1026,+35.128373,-106.574017
35,001,000203,2,927,+35.128703,-106.581851
35,001,000204,1,1633,+35.127242,-106.591657
35,001,000204,2,1652,+35.127734,-106.599598
35,001,000205,1,913,+35.118090,-106.592482
35,001,000205,2,624,+35.118377,-106.599776
35,001,000205,3,648,+35.121653,-106.599778
35,001,000205,4,1044,+35.121217,-106.591837
35,001,000206,1,1780,+35.120245,-106.581683
35,001,000206,2,1211,+35.120162,-106.573442
35,001,000207,1,1231,+35.113216,-106.573021
35,001,000207,2,1060,+35.105665,-106.580442
35,001,000207,3,1092,+35.113476,-106.581738
35,001,000208,1,733,+35.113622,-106.600783
35,001,000208,2,908,+35.111817,-106.596454
35,001,000208,3,1095,+35.113058,-106.590383
35,001,000300,1,1314,+35.102767,-106.609465
35,001,000300,2,768,+35.096879,-106.608629
35,001,000300,3,729,+35.092472,-106.608034
35,001,000300,4,789,+35.090339,-106.611241
35,001,000300,5,1278,+35.097954,-106.616054
35,001,000300,6,1074,+35.102963,-106.621795
35,001,000401,1,1512,+35.098635,-106.581727
35,001,000401,2,1036,+35.098570,-106.590668
35,001,000401,3,1831,+35.099589,-106.599899
35,001,000402,1,878,+35.091550,-106.581801
35,001,000402,2,822,+35.091191,-106.589062
35,001,000402,3,740,+35.091532,-106.594908
35,001,000402,4,975,+35.090402,-106.600339
35,001,000501,1,1783,+35.082347,-106.581635
35,001,000501,2,862,+35.074758,-106.580437
35,001,000502,1,1574,+35.083408,-106.599986
35,001,000502,2,1942,+35.084004,-106.590611
35,001,000502,3,1238,+35.076020,-106.598804
35,001,000601,1,971,+35.089859,-106.560197
35,001,000601,2,902,+35.092152,-106.566840
35,001,000601,3,1120,+35.090834,-106.572133
35,001,000601,4,853,+35.096828,-106.573873
35,001,000603,1,2387,+35.082804,-106.554717
35,001,000603,2,1212,+35.077748,-106.554066
35,001,000603,3,1551,+35.077871,-106.558590
35,001,000604,1,1108,+35.079727,-106.564130
35,001,000604,2,1442,+35.075804,-106.564231
35,001,000604,3,712,+35.074473,-106.572802
35,001,000604,4,1099,+35.084338,-106.564871
35,001,000704,1,739,+35.077112,-106.508962
35,001,000704,2,925,+35.082145,-106.510182
35,001,000704,3,2051,+35.082737,-106.520105
35,001,000707,1,1347,+35.079462,-106.545488
35,001,000707,2,998,+35.078077,-106.537290
35,001,000707,3,931,+35.075049,-106.546880
35,001,000707,4,987,+35.074527,-106.537186
35,001,000707,5,1889,+35.070571,-106.545860
35,001,000708,1,1714,+35.071407,-106.507203
35,001,000708,2,2755,+35.072255,-106.520645
35,001,000708,3,1389,+35.072355,-106.527917
35,001,000710,1,1271,+35.049002,-106.499729
35,001,000710,2,2066,+35.054260,-106.486131
35,001,000710,3,2203,+35.051071,-106.507847
35,001,000711,1,2395,+35.082099,-106.490660
35,001,000711,2,1070,+35.077059,-106.491187
35,001,000711,3,980,+35.070834,-106.490000
35,001,000712,1,1997,+35.075284,-106.501225
35,001,000712,2,2207,+35.082309,-106.501643
35,001,000713,1,1480,+35.066662,-106.505944
35,001,000713,2,1493,+35.065534,-106.511187
35,001,000713,3,732,+35.061006,-106.512717
35,001,000713,4,2256,+35.063419,-106.502868
35,001,000714,1,1872,+35.061468,-106.525744
35,001,000714,2,958,+35.055275,-106.522421
35,001,000714,3,1839,+35.064393,-106.520270
35,001,000801,1,3321,+35.061773,-106.547534
35,001,000801,2,539,+35.054432,-106.555618
35,001,000901,1,801,+35.070842,-106.553118
35,001,000901,2,942,+35.071144,-106.557198
35,001,000901,3,1089,+35.071044,-106.561636
35,001,000901,4,979,+35.067361,-106.555750
35,001,000901,5,1080,+35.070961,-106.566328
35,001,000901,6,1267,+35.068104,-106.563966
35,001,000901,7,1313,+35.063945,-106.566157
35,001,000903,1,1621,+35.062801,-106.584040
35,001,000903,2,1697,+35.062048,-106.580388
35,001,000903,3,692,+35.056689,-106.580963
35,001,000903,4,1977,+35.069740,-106.581977
35,001,000904,1,361,+35.056101,-106.573306
35,001,000904,2,2120,+35.069616,-106.572576
35,001,000904,3,1830,+35.061860,-106.572723
35,001,001101,1,978,+35.070124,-106.590690
35,001,001101,2,672,+35.066322,-106.592238
35,001,001101,3,785,+35.070370,-106.599957
35,001,001101,4,1330,+35.061262,-106.591485
35,001,001101,5,1348,+35.062115,-106.600473
35,001,001102,1,638,+35.071587,-106.608654
35,001,001102,2,707,+35.067121,-106.610806
35,001,001102,3,1773,+35.061700,-106.606807
35,001,001200,1,1025,+35.070670,-106.618065
35,001,001200,2,809,+35.065231,-106.615158
35,001,001200,3,1433,+35.059990,-106.623026
35,001,001200,4,2288,+35.062197,-106.628786
35,001,001200,5,1609,+35.067408,-106.619256
35,001,001300,1,958,+35.062801,-106.648380
35,001,001300,2,1047,+35.063276,-106.642200
35,001,001300,3,1054,+35.067413,-106.644908
35,001,001300,4,1536,+35.055080,-106.648199
35,001,001400,1,475,+35.072881,-106.647276
35,001,001400,2,923,+35.072866,-106.655967
35,001,001400,3,727,+35.075660,-106.653681
35,001,001400,4,1048,+35.078485,-106.653822
35,001,001500,1,1047,+35.082426,-106.641920
35,001,001500,2,1599,+35.074772,-106.642780
35,001,001600,1,1340,+35.082074,-106.630757
35,001,001600,2,1189,+35.078663,-106.628361
35,001,001700,1,954,+35.084618,-106.608484
35,001,001700,2,972,+35.076839,-106.608617
35,001,001700,3,1362,+35.078964,-106.617958
35,001,001700,4,733,+35.075559,-106.621367
35,001,001700,5,911,+35.075552,-106.615437
35,001,001800,1,501,+35.095556,-106.624259
35,001,001800,2,2430,+35.083788,-106.618651
35,001,001900,1,1055,+35.087003,-106.630534
35,001,002000,1,1139,+35.099125,-106.635655
35,001,002000,2,1148,+35.094216,-106.640748
35,001,002100,1,1887,+35.085609,-106.651831
35,001,002200,1,1316,+35.084300,-106.660748
35,001,002200,2,869,+35.080939,-106.661580
35,001,002200,3,1074,+35.087709,-106.668486
35,001,002300,1,2009,+35.074843,-106.673585
35,001,002300,2,2155,+35.070656,-106.691985
35,001,002300,3,1533,+35.072158,-106.680039
35,001,002300,4,3145,+35.079334,-106.690028
35,001,002401,1,1752,+35.101309,-106.698725
35,001,002401,2,1370,+35.097109,-106.703619
35,001,002401,3,2150,+35.088872,-106.694665
35,001,002402,1,1237,+35.091718,-106.705033
35,001,002402,2,1498,+35.086782,-106.705927
35,001,002402,3,2363,+35.081666,-106.705643
35,001,002402,4,1233,+35.078522,-106.701180
35,001,002402,5,1939,+35.073481,-106.704330
35,001,002500,1,791,+35.101512,-106.667260
35,001,002500,2,1570,+35.098799,-106.680289
35,001,002600,1,1024,+35.095612,-106.669931
35,001,002700,1,425,+35.099845,-106.650116
35,001,002700,2,552,+35.097447,-106.652964
35,001,002700,3,823,+35.097811,-106.657824
35,001,002700,4,1098,+35.091034,-106.660080
35,001,002700,5,700,+35.092271,-106.655945
35,001,002900,1,1802,+35.115886,-106.651077
35,001,002900,2,961,+35.110804,-106.648109
35,001,002900,3,1171,+35.112268,-106.638222
35,001,003001,1,1212,+35.121095,-106.664948
35,001,003001,2,1112,+35.114243,-106.661835
35,001,003001,3,1529,+35.108649,-106.663980
35,001,003001,4,1037,+35.114558,-106.669992
35,001,003002,1,2265,+35.119904,-106.681907
35,001,003002,2,1879,+35.109602,-106.677437
35,001,003100,1,1276,+35.135759,-106.663500
35,001,003100,2,812,+35.129040,-106.671182
35,001,003100,3,830,+35.137552,-106.673228
35,001,003201,1,1730,+35.135893,-106.642921
35,001,003201,2,1179,+35.134318,-106.649574
35,001,003202,1,2018,+35.125457,-106.649445
35,001,003202,2,1980,+35.128599,-106.657905
35,001,003202,3,608,+35.128646,-106.644630
35,001,003202,4,796,+35.123485,-106.640790
35,001,003400,1,1442,+35.121074,-106.606587
35,001,003400,2,1461,+35.121944,-106.610530
35,001,003400,3,457,+35.123450,-106.630816
35,001,003400,4,1173,+35.125903,-106.608393
35,001,003501,1,1932,+35.171155,-106.625649
35,001,003501,2,1569,+35.158984,-106.631671
35,001,003501,3,2115,+35.145299,-106.633480
35,001,003502,1,1313,+35.173268,-106.639461
35,001,003502,2,1219,+35.160624,-106.653151
35,001,003502,3,1284,+35.153623,-106.647547
35,001,003502,4,1420,+35.143728,-106.647511
35,001,003600,1,1192,+35.194264,-106.635515
35,001,003600,2,883,+35.197329,-106.621367
35,001,003600,3,1272,+35.198413,-106.608127
35,001,003600,4,1851,+35.185186,-106.615426
35,001,003600,5,988,+35.185476,-106.628541
35,001,003707,1,1836,+35.143842,-106.567758
35,001,003707,2,1195,+35.134164,-106.555485
35,001,003707,3,1944,+35.133722,-106.563213
35,001,003712,1,1400,+35.169750,-106.546212
35,001,003712,2,1229,+35.169952,-106.555583
35,001,003712,3,1206,+35.164160,-106.555488
35,001,003712,4,1232,+35.162799,-106.547557
35,001,003714,1,1633,+35.134337,-106.572568
35,001,003714,2,796,+35.139241,-106.577511
35,001,003714,3,2396,+35.135292,-106.581908
35,001,003714,4,2116,+35.141872,-106.582883
35,001,003715,1,886,+35.157811,-106.548210
35,001,003715,2,1265,+35.150108,-106.529869
35,001,003715,3,680,+35.149929,-106.535647
35,001,003715,4,1405,+35.156285,-106.533728
35,001,003717,1,1865,+35.143320,-106.548329
35,001,003717,2,1906,+35.142136,-106.536337
35,001,003717,3,737,+35.138604,-106.545136
35,001,003717,4,866,+35.146884,-106.542682
35,001,003718,1,1740,+35.133834,-106.539142
35,001,003718,2,716,+35.134754,-106.547745
35,001,003719,1,2336,+35.133586,-106.525999
35,001,003719,2,1568,+35.136041,-106.508731
35,001,003719,3,1374,+35.134227,-106.503093
35,001,003721,1,847,+35.165205,-106.490081
35,001,003721,2,2811,+35.148275,-106.490266
35,001,003721,3,1732,+35.135643,-106.490109
35,001,003721,4,882,+35.156801,-106.487363
35,001,003722,1,2769,+35.188671,-106.565371
35,001,003722,2,3566,+35.180522,-106.569810
35,001,003723,1,964,+35.169245,-106.573241
35,001,003723,2,1361,+35.170058,-106.564528
35,001,003723,3,1434,+35.162751,-106.564913
35,001,003723,4,721,+35.163485,-106.573336
35,001,003723,5,1237,+35.162943,-106.580699
35,001,003724,1,1306,+35.156242,-106.564094
35,001,003724,2,1114,+35.149368,-106.569375
35,001,003724,3,900,+35.148371,-106.562158
35,001,003725,1,1496,+35.156034,-106.573747
35,001,003725,2,1768,+35.152515,-106.582228
35,001,003725,3,1408,+35.148565,-106.576642
35,001,003726,1,1087,+35.154975,-106.517886
35,001,003726,2,1291,+35.155059,-106.505984
35,001,003728,1,937,+35.145757,-106.525751
35,001,003728,2,1517,+35.141939,-106.526226
35,001,003728,3,1093,+35.139112,-106.520815
35,001,003728,4,934,+35.137194,-106.528817
35,001,003729,1,875,+35.165511,-106.516567
35,001,003729,2,937,+35.166232,-106.501759
35,001,003730,1,1840,+35.169778,-106.537682
35,001,003730,2,1315,+35.162782,-106.538120
35,001,003730,3,1748,+35.163428,-106.528786
35,001,003731,1,1229,+35.183789,-106.525031
35,001,003731,2,2364,+35.182788,-106.504765
35,001,003732,1,2764,+35.189140,-106.549880
35,001,003732,2,2838,+35.179295,-106.543682
35,001,003732,3,1626,+35.179165,-106.554937
35,001,003733,1,3585,+35.133164,-106.599085
35,001,003735,1,4951,+35.161944,-106.611383
35,001,003735,2,1372,+35.142135,-106.620618
35,001,003736,1,1970,+35.183098,-106.590396
35,001,003737,1,1243,+35.142569,-106.507039
35,001,003737,2,1542,+35.149249,-106.502483
35,001,003738,1,2076,+35.150710,-106.522687
35,001,003738,2,894,+35.149793,-106.511914
35,001,003738,3,965,+35.146174,-106.511147
35,001,003738,4,948,+35.146325,-106.518238
35,001,003803,1,2147,+35.158859,-106.297761
35,001,003803,2,1033,+35.193737,-106.337652
35,001,003804,1,2119,+35.125495,-106.356317
35,001,003804,2,1431,+35.125041,-106.316124
35,001,003804,3,1923,+35.116052,-106.263997
35,001,003805,1,1534,+35.136912,-106.381494
35,001,003805,2,892,+35.068084,-106.448699
35,001,003806,1,2744,+35.084554,-106.292656
35,001,003806,2,736,+35.081155,-106.362021
35,001,003807,1,526,+35.021843,-106.369222
35,001,003807,2,2191,+34.970870,-106.271797
35,001,003807,3,1780,+34.953108,-106.318634
35,001,004001,1,1272,+34.988577,-106.671066
35,001,004001,2,2031,+35.015729,-106.654202
35,001,004001,3,1633,+35.016059,-106.665032
35,001,004300,1,919,+35.062979,-106.663795
35,001,004300,2,907,+35.054672,-106.665922
35,001,004300,3,1518,+35.059951,-106.672244
35,001,004300,4,1741,+35.060592,-106.680311
35,001,004401,1,2183,+35.060789,-106.691659
35,001,004401,2,993,+35.055933,-106.700197
35,001,004402,1,2402,+35.043688,-106.700657
35,001,004402,2,1654,+35.031254,-106.700716
35,001,004501,1,1591,+35.047942,-106.673333
35,001,004501,2,1931,+35.038245,-106.676228
35,001,004502,1,1410,+35.033413,-106.684517
35,001,004502,2,1032,+35.040418,-106.687073
35,001,004502,3,1126,+35.046196,-106.683191
35,001,004602,1,2488,+34.976534,-106.709299
35,001,004602,2,1919,+34.958012,-106.698587
35,001,004603,1,824,+35.020887,-106.679249
35,001,004603,2,731,+35.015262,-106.702927
35,001,004603,3,2098,+35.022042,-106.691008
35,001,004604,1,1553,+35.005346,-106.696305
35,001,004604,2,1017,+34.992533,-106.696855
35,001,004604,3,2992,+35.005175,-106.710921
35,001,004712,1,4507,+35.059642,-106.749787
35,001,004712,2,2640,+35.066967,-106.746423
35,001,004713,1,1656,+35.043605,-106.746672
35,001,004713,2,2805,+35.050516,-106.743565
35,001,004713,3,2433,+35.050602,-106.752617
35,001,004715,1,2979,+35.011914,-106.727697
35,001,004715,2,2268,+34.973305,-106.736978
35,001,004716,1,2018,+35.205881,-106.650168
35,001,004717,1,2409,+35.213256,-106.670421
35,001,004717,2,2036,+35.209654,-106.663967
35,001,004717,3,3107,+35.200732,-106.667962
35,001,004720,1,2778,+35.200536,-106.688298
35,001,004720,2,743,+35.199665,-106.699792
35,001,004722,1,1967,+35.156082,-106.688216
35,001,004722,2,894,+35.152438,-106.686195
35,001,004722,3,2188,+35.170748,-106.669927
35,001,004723,1,2634,+35.172652,-106.691668
35,001,004723,2,951,+35.177804,-106.684315
35,001,004723,3,1308,+35.164350,-106.691958
35,001,004723,4,2385,+35.174507,-106.679534
35,001,004724,1,1595,+35.162948,-106.709380
35,001,004724,2,1594,+35.167111,-106.699513
35,001,004725,1,1818,+35.155309,-106.711952
35,001,004725,2,1898,+35.156619,-106.701171
35,001,004726,1,2456,+35.145366,-106.717774
35,001,004727,1,667,+35.149143,-106.712291
35,001,004727,2,1221,+35.149728,-106.706653
35,001,004728,1,915,+35.148289,-106.699606
35,001,004728,2,1285,+35.148760,-106.692240
35,001,004728,3,2845,+35.139009,-106.704569
35,001,004729,1,1775,+35.130684,-106.697058
35,001,004729,2,1831,+35.114925,-106.698584
35,001,004733,1,3582,+35.045643,-106.730348
35,001,004733,2,1547,+35.054297,-106.734796
35,001,004733,3,2089,+35.052964,-106.727798
35,001,004734,1,3113,+35.048286,-106.720514
35,001,004734,2,2539,+35.041498,-106.722761
35,001,004734,3,1627,+35.055983,-106.717608
35,001,004735,1,1147,+35.055715,-106.711335
35,001,004735,2,1092,+35.045708,-106.714839
35,001,004736,1,1082,+35.051567,-106.782202
35,001,004737,1,2153,+35.029509,-106.747094
35,001,004737,2,3440,+35.038528,-106.743495
35,001,004738,1,2186,+35.031982,-106.719739
35,001,004738,2,2168,+35.027300,-106.733435
35,001,004738,3,996,+35.035646,-106.733210
35,001,004739,1,2743,+35.060284,-106.736237
35,001,004739,2,4002,+35.068305,-106.737027
35,001,004740,1,1741,+35.066885,-106.719166
35,001,004740,2,3743,+35.066509,-106.726776
35,001,004740,3,1829,+35.073807,-106.715747
35,001,004741,1,976,+35.083905,-106.713821
35,001,004741,2,3738,+35.081049,-106.734442
35,001,004741,3,2442,+35.094877,-106.719100
35,001,004742,1,0,+35.125241,-106.734408
35,001,004742,2,2249,+35.130566,-106.714249
35,001,004742,3,2635,+35.120884,-106.719801
35,001,004742,4,1400,+35.112136,-106.725671
35,001,004743,1,2202,+35.098887,-106.734198
35,001,004743,2,868,+35.091583,-106.743184
35,001,004744,1,1510,+35.111277,-106.737446
35,001,004744,2,3565,+35.100816,-106.741121
35,001,004745,1,2668,+35.213875,-106.690573
35,001,004745,2,1471,+35.210547,-106.681430
35,001,004745,3,2257,+35.208482,-106.694710
35,001,004746,1,2152,+35.215837,-106.706863
35,001,004746,2,4885,+35.209881,-106.714149
35,001,004747,1,3983,+35.200680,-106.719252
35,001,004747,2,987,+35.197320,-106.713276
35,001,004748,1,3156,+35.198162,-106.731424
35,001,004748,2,2194,+35.195574,-106.737509
35,001,004748,3,3840,+35.198506,-106.743845
35,001,004749,1,2456,+35.123531,-106.706785
35,001,004749,2,1805,+35.115092,-106.706555
35,001,004750,1,2889,+35.102595,-106.724783
35,001,004750,2,2527,+35.107798,-106.714730
35,001,004750,3,1106,+35.109030,-106.708251
35,001,004751,1,2458,+35.190405,-106.698896
35,001,004752,1,2281,+35.187838,-106.675000
35,001,004752,2,794,+35.183574,-106.683824
35,001,004752,3,681,+35.184533,-106.667614
35,001,004753,1,2665,+35.193965,-106.673395
35,001,004753,2,920,+35.190416,-106.662654
35,001,940500,1,672,+35.206674,-106.532133
35,001,940500,2,2187,+35.179609,-106.489336
35,001,940600,1,6241,+35.100395,-106.815623
35,001,940600,2,1543,+35.085701,-107.079047
35,001,940600,3,1589,+35.185166,-106.736293
35,001,940600,4,12,+34.995691,-106.958229
35,001,940700,1,2489,+34.910287,-106.702781
35,003,976400,1,1923,+34.180510,-108.324593
35,003,976400,2,879,+33.554113,-108.852372
35,003,976400,3,923,+33.758355,-108.725458
35,005,000201,1,971,+33.387415,-104.531718
35,005,000201,2,934,+33.394902,-104.530048
35,005,000201,3,1168,+33.383127,-104.538049
35,005,000201,4,745,+33.391848,-104.537574
35,005,000202,1,1699,+33.387604,-104.552553
35,005,000202,2,874,+33.384848,-104.544129
35,005,000202,3,1241,+33.392740,-104.550841
35,005,000300,1,1356,+33.420291,-104.515570
35,005,000300,2,1194,+33.406438,-104.539599
35,005,000300,3,1817,+33.412537,-104.534569
35,005,000300,4,1013,+33.408377,-104.525144
35,005,000300,5,1149,+33.404076,-104.532074
35,005,000400,1,1246,+33.418386,-104.493897
35,005,000400,2,1503,+33.403057,-104.506267
35,005,000400,3,626,+33.399405,-104.513687
35,005,000400,4,1385,+33.393976,-104.510185
35,005,000500,1,1016,+33.385924,-104.524797
35,005,000500,2,1006,+33.379010,-104.526735
35,005,000600,1,971,+33.370158,-104.499304
35,005,000600,2,750,+33.388566,-104.512186
35,005,000600,3,905,+33.383579,-104.514403
35,005,000600,4,1474,+33.374858,-104.512927
35,005,000600,5,867,+33.367880,-104.516802
35,005,000700,1,790,+33.369026,-104.520874
35,005,000700,2,1321,+33.371261,-104.528327
35,005,000700,3,1400,+33.360060,-104.529181
35,005,000700,4,958,+33.350025,-104.523637
35,005,000800,1,1429,+33.376023,-104.535607
35,005,000800,2,886,+33.366900,-104.542198
35,005,000800,3,1144,+33.368089,-104.536290
35,005,000800,4,1229,+33.361666,-104.536685
35,005,000800,5,1044,+33.355256,-104.536614
35,005,000900,1,1499,+33.402887,-104.568312
35,005,000900,2,1276,+33.388233,-104.573292
35,005,001001,1,1561,+33.431703,-104.508299
35,005,001001,2,2065,+33.442194,-104.513653
35,005,001001,3,1213,+33.435423,-104.516302
35,005,001002,1,2734,+33.432472,-104.536490
35,005,001002,2,1684,+33.427677,-104.519806
35,005,001101,1,1307,+33.319261,-104.503193
35,005,001101,2,1858,+33.282171,-104.467560
35,005,001101,3,1291,+33.318144,-104.528866
35,005,001101,4,1643,+33.318196,-104.517415
35,005,001102,1,1503,+33.480179,-104.594290
35,005,001102,2,1622,+33.456792,-104.483865
35,005,001102,3,802,+33.219561,-104.775261
35,005,001200,1,955,+33.332285,-104.441929
35,005,001200,2,672,+33.363645,-104.315825
35,005,001300,1,1419,+33.197065,-104.370604
35,005,001300,2,1602,+33.189842,-104.440092
35,005,001400,1,1435,+33.047582,-104.370227
35,005,001400,2,1393,+33.113147,-104.328428
35,006,941500,1,530,+35.015541,-107.674184
35,006,941500,2,2489,+35.047255,-107.609829
35,006,945800,1,1057,+34.885636,-108.432447
35,006,945800,2,1026,+35.012724,-108.405469
35,006,946100,1,1282,+35.073379,-107.346978
35,006,946100,2,1199,+35.023908,-107.439050
35,006,946100,3,1612,+35.053828,-107.438473
35,006,974201,1,1857,+35.166027,-107.823884
35,006,974201,2,1490,+35.154165,-107.824122
35,006,974201,3,1841,+35.140078,-107.823039
35,006,974202,1,782,+35.156896,-107.841065
35,006,974202,2,1010,+35.156759,-107.831989
35,006,974202,3,1129,+35.150663,-107.831449
35,006,974400,1,786,+35.186101,-107.890803
35,006,974400,2,1478,+35.175010,-107.897401
35,006,974400,3,985,+35.158568,-107.854545
35,006,974700,1,1797,+35.238979,-107.957071
35,006,974700,2,1570,+35.164157,-107.580606
35,006,974700,3,1668,+35.172760,-107.951225
35,006,974700,4,544,+34.946616,-108.140102
35,006,974700,5,1081,+35.110701,-107.896830
35,007,950500,1,566,+36.910348,-104.432717
35,007,950500,2,590,+36.910854,-104.436897
35,007,950500,3,602,+36.905819,-104.428713
35,007,950500,4,758,+36.896680,-104.431682
35,007,950500,5,1052,+36.912195,-104.412235
35,007,950500,6,747,+36.861250,-104.383595
35,007,950600,1,746,+36.899962,-104.451655
35,007,950600,2,625,+36.898516,-104.445065
35,007,950600,3,573,+36.901623,-104.441371
35,007,950600,4,877,+36.884999,-104.445198
35,007,950600,5,926,+36.867421,-104.480857
35,007,950700,1,1138,+36.443704,-104.589899
35,007,950700,2,1075,+36.364650,-104.591486
35,007,950700,3,1208,+36.477837,-105.195038
35,007,950700,4,913,+36.510638,-104.914312
35,007,950700,5,1354,+36.377430,-105.287990
35,009,000100,1,1015,+34.408287,-103.242034
35,009,000100,2,1101,+34.407393,-103.235056
35,009,000100,3,994,+34.402530,-103.224908
35,009,000100,4,909,+34.402261,-103.215327
35,009,000100,5,947,+34.404005,-103.208447
35,009,000201,1,1088,+34.429307,-103.218211
35,009,000201,2,904,+34.424004,-103.217722
35,009,000201,3,1180,+34.423540,-103.228286
35,009,000201,4,1063,+34.430328,-103.225866
35,009,000202,1,1005,+34.415746,-103.227486
35,009,000202,2,933,+34.415629,-103.219342
35,009,000202,3,766,+34.409317,-103.213386
35,009,000202,4,1539,+34.409222,-103.223332
35,009,000301,1,1066,+34.430911,-103.202446
35,009,000301,2,737,+34.428116,-103.210833
35,009,000301,3,840,+34.424159,-103.200766
35,009,000301,4,1235,+34.423234,-103.208740
35,009,000301,5,2401,+34.414181,-103.205560
35,009,000303,1,1394,+34.415288,-103.187261
35,009,000303,2,2033,+34.412617,-103.172950
35,009,000304,1,1716,+34.425734,-103.171754
35,009,000304,2,1528,+34.436883,-103.186499
35,009,000304,3,1403,+34.444357,-103.185142
35,009,000304,4,1745,+34.425984,-103.186936
35,009,000400,1,775,+34.402081,-103.183142
35,009,000400,2,1628,+34.408402,-103.193726
35,009,000400,3,990,+34.408472,-103.201486
35,009,000400,4,1333,+34.401955,-103.197438
35,009,000500,1,870,+34.386011,-103.190139
35,009,000500,2,1427,+34.386740,-103.209283
35,009,000601,1,667,+34.455443,-103.540832
35,009,000601,2,573,+34.429382,-103.627941
35,009,000602,1,1112,+34.525966,-103.144756
35,009,000602,2,1238,+34.544106,-103.266376
35,009,000602,3,1828,+34.442557,-103.167422
35,009,000603,1,2143,+34.386577,-103.257363
35,009,000603,2,805,+34.373556,-103.135045
35,009,000603,3,1200,+34.390880,-103.047781
35,009,000900,1,1218,+34.397040,-103.330290
35,009,000900,2,1027,+34.409384,-103.330263
35,011,960100,1,762,+34.474386,-104.242400
35,011,960100,2,1260,+34.460065,-104.267233
35,013,000102,1,1450,+32.337984,-106.770239
35,013,000102,2,606,+32.332804,-106.769910
35,013,000102,3,857,+32.329355,-106.760802
35,013,000102,4,1056,+32.328837,-106.766111
35,013,000103,1,1663,+32.333481,-106.788519
35,013,000103,2,1524,+32.346790,-106.788936
35,013,000103,3,1676,+32.340555,-106.796385
35,013,000104,1,2225,+32.352271,-106.778525
35,013,000104,2,1417,+32.351405,-106.785339
35,013,000104,3,1184,+32.342724,-106.780941
35,013,000201,1,857,+32.302085,-106.807674
35,013,000201,2,2457,+32.296046,-106.796340
35,013,000201,3,1244,+32.308965,-106.811772
35,013,000201,4,1184,+32.296149,-106.783352
35,013,000202,1,744,+32.334571,-106.807690
35,013,000202,2,3413,+32.320436,-106.816397
35,013,000202,3,1746,+32.322956,-106.800611
35,013,000300,1,1183,+32.325202,-106.783715
35,013,000300,2,1144,+32.319210,-106.786976
35,013,000300,3,1358,+32.326779,-106.792706
35,013,000401,1,1316,+32.321213,-106.775703
35,013,000401,2,1094,+32.315138,-106.773887
35,013,000401,3,601,+32.310253,-106.773720
35,013,000402,1,1378,+32.327448,-106.773452
35,013,000402,2,1042,+32.324341,-106.768827
35,013,000402,3,1011,+32.319813,-106.764974
35,013,000402,4,1066,+32.315130,-106.757824
35,013,000402,5,1215,+32.322617,-106.756383
35,013,000500,1,1202,+32.317586,-106.794901
35,013,000500,2,795,+32.310757,-106.792338
35,013,000500,3,891,+32.311450,-106.784278
35,013,000600,1,701,+32.305993,-106.765838
35,013,000600,2,918,+32.301736,-106.763731
35,013,000600,3,1182,+32.303264,-106.775106
35,013,000700,1,1553,+32.307450,-106.748695
35,013,000700,2,971,+32.307345,-106.758404
35,013,000700,3,625,+32.303835,-106.754839
35,013,000700,4,911,+32.299182,-106.756104
35,013,000700,5,899,+32.300768,-106.752706
35,013,000700,6,1153,+32.301317,-106.746643
35,013,000800,1,658,+32.294873,-106.744857
35,013,000800,2,768,+32.294805,-106.750246
35,013,000800,3,590,+32.292900,-106.754899
35,013,000800,4,1384,+32.291223,-106.744542
35,013,000900,1,1285,+32.297296,-106.763369
35,013,000900,2,1324,+32.293751,-106.768999
35,013,000900,3,1229,+32.290846,-106.758116
35,013,000900,4,1040,+32.285355,-106.768966
35,013,000900,5,1312,+32.285868,-106.758732
35,013,000900,6,762,+32.287959,-106.751234
35,013,001000,1,1216,+32.275042,-106.751698
35,013,001000,2,2993,+32.280720,-106.745970
35,013,001102,1,853,+32.274814,-106.806740
35,013,001102,2,1958,+32.275885,-106.784637
35,013,001103,1,2407,+32.267419,-106.771246
35,013,001103,2,1668,+32.244630,-106.771754
35,013,001104,1,2321,+32.271324,-106.758385
35,013,001104,2,1526,+32.260249,-106.747614
35,013,001104,3,1010,+32.239410,-106.727536
35,013,001201,1,2924,+32.331967,-106.747920
35,013,001201,2,2261,+32.386672,-106.683173
35,013,001201,3,1134,+32.404003,-106.629818
35,013,001201,4,8672,+32.344573,-106.736474
35,013,001203,1,1170,+32.303993,-106.740758
35,013,001203,2,892,+32.308049,-106.735687
35,013,001203,3,1567,+32.314273,-106.734365
35,013,001203,4,707,+32.306643,-106.732088
35,013,001204,1,1168,+32.259057,-106.716121
35,013,001204,2,1570,+32.286289,-106.645550
35,013,001204,3,1077,+32.273017,-106.727260
35,013,001205,1,2616,+32.303463,-106.727196
35,013,001205,2,604,+32.295807,-106.738284
35,013,001205,3,1314,+32.301353,-106.732118
35,013,001303,1,953,+32.403592,-106.848145
35,013,001303,2,1062,+32.368314,-106.831161
35,013,001303,3,2057,+32.379933,-106.811247
35,013,001303,4,1637,+32.353053,-106.822879
35,013,001303,5,1550,+32.362385,-106.803628
35,013,001304,1,4042,+32.393333,-106.716465
35,013,001304,2,1765,+32.418592,-106.697132
35,013,001304,3,1917,+32.401435,-106.685915
35,013,001305,1,2836,+32.424908,-106.655352
35,013,001305,2,818,+32.498808,-106.680925
35,013,001305,3,1424,+32.424058,-106.629160
35,013,001306,1,4386,+32.380176,-106.745450
35,013,001306,2,3878,+32.369433,-106.773159
35,013,001306,3,1523,+32.357479,-106.764791
35,013,001307,1,1133,+32.390839,-106.789371
35,013,001307,2,1722,+32.482587,-106.906613
35,013,001307,3,1093,+32.397018,-106.820803
35,013,001307,4,2421,+32.437542,-106.780879
35,013,001400,1,1552,+32.655683,-107.100112
35,013,001400,2,1674,+32.721998,-107.229133
35,013,001400,3,1425,+32.666424,-107.172717
35,013,001400,4,1068,+32.666331,-107.146490
35,013,001500,1,1351,+32.312152,-106.837016
35,013,001500,2,834,+32.293163,-106.856925
35,013,001500,3,1774,+32.287000,-106.924242
35,013,001500,4,2160,+32.313651,-106.866372
35,013,001600,1,1574,+32.116023,-106.698497
35,013,001600,2,1336,+32.149255,-106.732344
35,013,001701,1,4132,+31.863399,-106.647842
35,013,001701,2,1710,+31.849931,-106.640312
35,013,001702,1,1691,+32.029490,-106.676820
35,013,001703,1,1519,+31.941577,-106.667144
35,013,001703,2,1510,+31.932334,-106.637927
35,013,001705,1,915,+31.807459,-106.562094
35,013,001705,2,2277,+31.810132,-106.585620
35,013,001706,1,1886,+31.793515,-106.571283
35,013,001706,2,1863,+31.796699,-106.579014
35,013,001707,1,2832,+31.811489,-106.599821
35,013,001707,2,1349,+31.797146,-106.584625
35,013,001707,3,1568,+31.801227,-106.588049
35,013,001801,1,849,+32.204088,-106.722731
35,013,001801,2,1544,+32.128611,-106.650835
35,013,001801,3,1627,+32.133671,-106.661426
35,013,001801,4,1107,+32.160967,-106.697960
35,013,001801,5,1588,+32.178253,-106.691645
35,013,001802,1,1224,+32.112454,-106.637832
35,013,001802,2,2934,+32.057653,-106.615625
35,013,001802,3,2196,+32.036282,-106.624219
35,013,001804,1,2076,+32.052756,-106.446909
35,013,001804,2,2327,+32.019260,-106.400538
35,013,001804,3,2562,+32.035336,-106.393772
35,013,001805,1,1852,+32.005025,-106.595048
35,013,001805,2,2106,+32.004721,-106.587367
35,013,001806,1,3462,+32.017550,-106.603752
35,013,001806,2,2368,+32.005756,-106.602944
35,013,001900,1,1702,+32.385718,-106.495174
35,015,000100,1,1630,+32.428146,-104.226302
35,015,000200,1,1387,+32.449810,-104.223293
35,015,000200,2,820,+32.424518,-104.217477
35,015,000200,3,1653,+32.449023,-104.245037
35,015,000200,4,633,+32.445335,-104.235313
35,015,000300,1,1283,+32.428740,-104.234704
35,015,000300,2,1359,+32.432209,-104.242098
35,015,000300,3,1337,+32.424981,-104.240654
35,015,000300,4,1041,+32.439269,-104.245741
35,015,000300,5,790,+32.430599,-104.231200
35,015,000401,1,1475,+32.407352,-104.270520
35,015,000401,2,1057,+32.436592,-104.261685
35,015,000401,3,895,+32.433375,-104.256246
35,015,000402,1,955,+32.425614,-104.249542
35,015,000402,2,1066,+32.425348,-104.258296
35,015,000402,3,1386,+32.418016,-104.257813
35,015,000402,4,1030,+32.432017,-104.251176
35,015,000500,1,1875,+32.417094,-104.240306
35,015,000500,2,722,+32.412028,-104.241622
35,015,000500,3,623,+32.411563,-104.234649
35,015,000600,1,1461,+32.392592,-104.228172
35,015,000600,2,1199,+32.380852,-104.219452
35,015,000600,3,1825,+32.394761,-104.207610
35,015,000600,4,945,+32.374629,-104.231669
35,015,000700,1,1650,+32.359711,-104.237312
35,015,000700,2,1257,+32.324892,-104.326322
35,015,000700,3,1121,+32.352185,-104.201169
35,015,000700,4,1151,+32.350441,-104.171980
35,015,000800,1,768,+32.261208,-104.087638
35,015,000800,2,1411,+32.284941,-104.096580
35,015,000900,1,1700,+32.853018,-104.441244
35,015,000900,2,1869,+32.767365,-104.397601
35,015,000900,3,1348,+32.890317,-104.413188
35,015,001000,1,1456,+32.862160,-104.404939
35,015,001000,2,1009,+32.851573,-104.402863
35,015,001000,3,644,+32.843607,-104.406880
35,015,001000,4,641,+32.849111,-104.407780
35,015,001000,5,1439,+32.846834,-104.423832
35,015,001000,6,1362,+32.839431,-104.433135
35,015,001100,1,1052,+32.830457,-104.408430
35,015,001100,2,1420,+32.829987,-104.398386
35,015,001100,3,998,+32.836761,-104.407190
35,015,001100,4,1328,+32.834788,-104.420809
35,015,001100,5,1758,+32.829106,-104.418655
35,017,964100,1,1270,+32.931646,-108.338311
35,017,964100,2,1245,+32.839142,-107.979911
35,017,964200,1,1065,+32.953369,-108.652867
35,017,964200,2,1088,+32.679637,-108.349055
35,017,964300,1,1396,+32.783770,-108.294005
35,017,964300,2,1447,+32.790849,-108.264567
35,017,964300,3,1747,+32.800941,-108.268051
35,017,964300,4,1073,+32.786846,-108.271948
35,017,964300,5,1114,+32.775943,-108.284903
35,017,964400,1,598,+32.780080,-108.266183
35,017,964400,2,1553,+32.771820,-108.271483
35,017,964400,3,2129,+32.757563,-108.280284
35,017,964500,1,1278,+32.780211,-108.179942
35,017,964500,2,812,+32.775917,-108.149873
35,017,964500,3,984,+32.776005,-108.157033
35,017,964600,1,980,+32.743954,-108.035064
35,017,964600,2,864,+32.762129,-108.135007
35,017,964600,3,689,+32.754572,-108.138509
35,017,964600,4,527,+32.762285,-108.127948
35,017,964700,1,1759,+32.818986,-108.255129
35,017,964700,2,1124,+32.730909,-108.273263
35,017,964700,3,2004,+32.760169,-108.230144
35,017,964700,4,1004,+32.813772,-108.289734
35,017,964800,1,1056,+32.593804,-108.205665
35,017,964800,2,708,+32.702967,-108.128006
35,019,961600,1,1157,+34.909179,-104.653791
35,019,961600,2,1171,+34.940783,-104.674268
35,019,961600,3,1161,+34.938723,-104.690578
35,019,961600,4,1198,+34.931257,-105.140777
35,021,000100,1,695,+35.861023,-103.984528
35,023,970000,1,2195,+32.189663,-108.837490
35,023,970200,1,869,+32.338374,-108.711733
35,023,970200,2,1830,+32.348955,-108.707855
35,025,000100,1,950,+32.707246,-103.130815
35,025,000100,2,980,+32.707859,-103.139550
35,025,000100,3,882,+32.699624,-103.134892
35,025,000200,1,857,+32.706399,-103.148769
35,025,000200,2,1377,+32.683422,-103.139119
35,025,000200,3,1197,+32.694427,-103.148662
35,025,000300,1,902,+32.693509,-103.120438
35,025,000300,2,841,+32.686686,-103.120421
35,025,000300,3,1065,+32.692779,-103.129881
35,025,000300,4,1101,+32.686403,-103.134105
35,025,000400,1,1376,+32.705283,-103.110866
35,025,000400,2,1213,+32.705089,-103.122577
35,025,000400,3,817,+32.699113,-103.121342
35,025,000502,1,1059,+32.716812,-103.122086
35,025,000502,2,1040,+32.713499,-103.118505
35,025,000502,3,1072,+32.719353,-103.108677
35,025,000502,4,1057,+32.732414,-103.118598
35,025,000502,5,1102,+32.724526,-103.118532
35,025,000502,6,914,+32.724204,-103.125410
35,025,000503,1,1295,+32.735472,-103.131531
35,025,000503,2,864,+32.738889,-103.142078
35,025,000503,3,1584,+32.729730,-103.136340
35,025,000504,1,1161,+32.745057,-103.154773
35,025,000504,2,1547,+32.737082,-103.151727
35,025,000504,3,927,+32.731200,-103.146963
35,025,000600,1,816,+32.722976,-103.137944
35,025,000600,2,802,+32.718667,-103.132714
35,025,000600,3,1008,+32.713667,-103.131651
35,025,000600,4,841,+32.715342,-103.139312
35,025,000600,5,895,+32.714090,-103.147832
35,025,000600,6,1095,+32.714860,-103.151672
35,025,000600,7,1030,+32.719427,-103.160753
35,025,000701,1,424,+32.763895,-103.086830
35,025,000701,2,1065,+32.813062,-103.152312
35,025,000702,1,1063,+32.642814,-103.162247
35,025,000702,2,2200,+32.772259,-103.208528
35,025,000703,1,2321,+32.777914,-103.160023
35,025,000704,1,2565,+32.772147,-103.133865
35,025,000800,1,921,+32.441703,-103.154470
35,025,000800,2,727,+32.444892,-103.165752
35,025,000800,3,917,+32.437237,-103.163533
35,025,000800,4,655,+32.435178,-103.154360
35,025,000900,1,704,+32.125708,-103.207588
35,025,000900,2,701,+32.113363,-103.195503
35,025,000900,3,770,+32.105956,-103.193743
35,025,001003,1,1237,+32.933652,-103.348499
35,025,001003,2,1219,+32.939931,-103.353151
35,025,001003,3,968,+32.940028,-103.361583
35,025,001003,4,916,+32.932890,-103.362150
35,025,001004,1,1185,+32.965099,-103.347287
35,025,001004,2,986,+32.958126,-103.356296
35,025,001004,3,1446,+32.957972,-103.363876
35,025,001005,1,955,+32.952147,-103.338047
35,025,001005,2,1119,+32.952089,-103.366475
35,025,001005,3,1439,+32.949339,-103.354824
35,025,001100,1,623,+33.280103,-103.345243
35,025,001100,2,780,+33.254814,-103.317075
35,025,001100,3,1184,+32.920795,-103.256041
35,025,001100,4,1036,+33.026909,-103.299800
35,025,001100,5,934,+32.934097,-103.424981
35,027,960200,1,547,+34.054186,-105.621216
35,027,960200,2,1279,+33.629459,-105.879031
35,027,960300,1,1473,+33.532748,-105.570779
35,027,960300,2,1579,+33.544607,-105.592813
35,027,960400,1,1222,+33.397798,-105.350165
35,027,960400,2,2836,+33.408745,-105.633327
35,027,960400,3,1037,+33.334703,-105.583500
35,027,960400,4,1676,+33.331205,-105.589249
35,027,960600,1,2322,+33.370337,-105.657839
35,027,960600,2,951,+33.342021,-105.663187
35,027,960600,3,1032,+33.328838,-105.650855
35,027,960600,4,1995,+33.354348,-105.682503
35,027,960800,1,1489,+33.328388,-105.678807
35,027,960800,2,1059,+33.315564,-105.640069
35,028,000100,1,1092,+35.904461,-106.265354
35,028,000100,2,1793,+35.890577,-106.281316
35,028,000100,3,954,+35.895929,-106.288186
35,028,000200,1,1064,+35.903641,-106.315247
35,028,000200,2,1003,+35.894229,-106.310657
35,028,000200,3,1409,+35.896789,-106.325969
35,028,000200,4,1581,+35.887038,-106.325895
35,028,000400,1,1036,+35.882832,-106.289696
35,028,000400,2,660,+35.883593,-106.308074
35,028,000400,3,858,+35.878099,-106.302741
35,028,000400,4,763,+35.888401,-106.306110
35,028,000500,1,702,+35.827991,-106.197231
35,028,000500,2,719,+35.823103,-106.195462
35,028,000500,3,1258,+35.817890,-106.196292
35,028,000500,4,831,+35.804848,-106.212502
35,028,000500,5,1127,+35.822379,-106.212284
35,028,000500,6,1100,+35.821936,-106.202505
35,029,000100,1,2091,+32.257080,-107.722025
35,029,000100,2,1832,+32.248916,-107.744009
35,029,000100,3,1462,+32.257806,-107.742659
35,029,000200,1,1562,+32.248140,-107.757002
35,029,000200,2,2688,+32.244840,-107.769337
35,029,000300,1,706,+32.260020,-107.758595
35,029,000300,2,670,+32.261303,-107.769900
35,029,000300,3,1035,+32.256735,-107.772015
35,029,000400,1,1613,+31.929654,-107.687666
35,029,000400,2,1107,+31.907553,-107.634761
35,029,000400,3,1165,+32.209750,-107.614628
35,029,000400,4,2051,+32.197262,-107.748224
35,029,000500,1,1621,+32.323102,-107.717846
35,029,000500,2,1527,+32.214655,-107.817064
35,029,000500,3,1190,+32.321807,-107.800704
35,029,000600,1,1287,+32.275823,-107.755086
35,029,000600,2,1488,+32.265235,-107.755084
35,031,940300,1,2184,+35.073421,-108.838832
35,031,940300,2,2114,+35.071659,-108.857844
35,031,940300,3,2161,+35.060855,-108.849712
35,031,940500,1,1422,+35.083428,-108.781148
35,031,943500,1,859,+35.765440,-108.109996
35,031,943500,2,1168,+35.701761,-108.170658
35,031,943500,3,1396,+35.684869,-108.147119
35,031,943600,1,759,+35.572586,-108.618660
35,031,943600,2,1619,+35.533177,-108.567332
35,031,943600,3,1167,+35.605215,-108.451322
35,031,943600,4,534,+35.568422,-108.219612
35,031,943600,5,826,+35.565251,-108.318885
35,031,943600,6,941,+35.515771,-108.470276
35,031,943700,1,1015,+35.767181,-108.340843
35,031,943700,2,785,+35.817426,-108.703182
35,031,943700,3,767,+35.755932,-108.584383
35,031,943700,4,1287,+35.695489,-108.750634
35,031,943800,1,1013,+35.871240,-108.743451
35,031,943800,2,1410,+35.830563,-108.857908
35,031,943800,3,1772,+35.899399,-109.028846
35,031,943800,4,765,+35.700842,-108.795179
35,031,943800,5,1293,+35.731805,-109.018231
35,031,943901,1,2297,+35.460043,-108.677337
35,031,943901,2,1548,+35.448791,-108.806322
35,031,943901,3,1000,+35.422198,-108.905777
35,031,943902,1,2198,+35.614123,-108.794301
35,031,943902,2,2040,+35.564808,-108.949218
35,031,944000,1,938,+35.680538,-107.846249
35,031,944000,2,1248,+35.921287,-107.457950
35,031,945200,1,2111,+35.505886,-108.845260
35,031,945200,2,950,+35.507306,-108.798907
35,031,945200,3,2221,+35.513210,-108.762609
35,031,945200,4,1217,+35.566722,-108.765977
35,031,945300,1,1712,+35.536928,-108.736500
35,031,945300,2,1474,+35.534814,-108.746497
35,031,945400,1,1680,+35.524554,-108.738498
35,031,945400,2,1561,+35.518452,-108.744465
35,031,945500,1,1588,+35.521110,-108.714556
35,031,945500,2,1212,+35.527097,-108.727397
35,031,945500,3,1088,+35.519055,-108.726915
35,031,945500,4,1950,+35.506226,-108.731880
35,031,945600,1,1736,+35.528988,-108.674389
35,031,945600,2,1322,+35.524034,-108.693924
35,031,945600,3,992,+35.526421,-108.704793
35,031,945600,4,1198,+35.517309,-108.691139
35,031,945700,1,1288,+35.258927,-108.895907
35,031,945700,2,909,+35.297283,-108.740933
35,031,946000,1,824,+35.385994,-107.980959
35,031,946000,2,1091,+35.514849,-108.089493
35,031,946000,3,1514,+35.427370,-108.249813
35,031,946000,4,1225,+35.353443,-108.105434
35,031,946000,5,1023,+35.407393,-108.214400
35,031,973100,1,1080,+35.273590,-108.450139
35,033,955200,1,945,+36.080600,-105.313562
35,033,955200,2,675,+36.060232,-105.392858
35,033,955200,3,1389,+35.951292,-105.360638
35,033,955200,4,868,+35.954251,-105.246766
35,033,955200,5,1004,+35.987080,-104.900444
35,035,000100,1,629,+32.894645,-105.957271
35,035,000100,2,964,+32.896036,-105.948158
35,035,000200,1,1059,+32.904876,-105.948149
35,035,000200,2,826,+32.904960,-105.956029
35,035,000303,1,987,+32.920275,-105.939334
35,035,000303,2,982,+32.919420,-105.949594
35,035,000303,3,359,+32.916984,-105.945505
35,035,000304,1,2626,+32.935854,-105.955997
35,035,000304,2,733,+32.924816,-105.939447
35,035,000305,1,758,+32.904514,-105.940662
35,035,000305,2,1050,+32.911568,-105.939733
35,035,000305,3,890,+32.911416,-105.955474
35,035,000305,4,1072,+32.911756,-105.948467
35,035,000306,1,793,+32.909763,-105.922229
35,035,000306,2,805,+32.911106,-105.928811
35,035,000306,3,956,+32.903689,-105.933249
35,035,000306,4,694,+32.910173,-105.933670
35,035,000401,1,929,+32.900908,-105.923163
35,035,000401,2,1372,+32.895558,-105.923996
35,035,000401,3,765,+32.892221,-105.935040
35,035,000401,4,1337,+32.898275,-105.932162
35,035,000401,5,649,+32.897005,-105.939524
35,035,000402,1,2599,+32.862353,-105.955693
35,035,000402,2,1427,+32.882733,-105.947383
35,035,000402,3,1231,+32.881689,-105.955418
35,035,000402,4,1631,+32.866542,-105.939792
35,035,000500,1,1594,+32.898716,-105.983655
35,035,000500,2,1249,+32.850823,-105.988949
35,035,000500,3,907,+32.861058,-105.974319
35,035,000500,4,1187,+32.859757,-105.984665
35,035,000601,1,665,+32.803646,-106.088385
35,035,000601,2,2448,+32.833822,-106.076560
35,035,000602,1,2132,+32.797126,-105.975991
35,035,000603,1,1327,+32.989352,-105.945515
35,035,000603,2,1301,+32.969434,-105.958896
35,035,000700,1,670,+33.125297,-105.975236
35,035,000700,2,1604,+33.061599,-105.975036
35,035,000700,3,1120,+33.078025,-106.015582
35,035,000700,4,2749,+33.048287,-106.033497
35,035,000901,1,879,+32.974136,-105.843183
35,035,000901,2,595,+32.932356,-105.551054
35,035,000901,3,1693,+32.942873,-105.705317
35,035,000902,1,654,+32.843087,-105.688392
35,035,000902,2,3186,+32.033103,-106.365167
35,035,000902,3,6101,+32.073575,-106.282160
35,035,940000,1,1513,+33.237686,-105.728744
35,035,940000,2,2100,+33.172857,-105.762203
35,037,958601,1,908,+35.161250,-103.726246
35,037,958601,2,662,+35.167572,-103.733016
35,037,958601,3,792,+35.164340,-103.723994
35,037,958601,4,718,+35.159500,-103.730496
35,037,958602,1,747,+35.194385,-103.742220
35,037,958602,2,508,+35.176813,-103.725118
35,037,958602,3,869,+35.178359,-103.716646
35,037,958602,4,819,+35.169838,-103.724271
35,037,958900,1,640,+35.243842,-103.264126
35,037,958900,2,732,+35.166387,-103.613684
35,037,958900,3,557,+34.871544,-103.797248
35,037,958900,4,1089,+35.363260,-103.447535
35,039,000100,1,968,+36.022094,-105.838645
35,039,000100,2,2420,+36.008613,-105.953022
35,039,000200,1,2104,+36.140423,-105.897095
35,039,000200,2,1610,+36.010365,-106.054568
35,039,000300,1,2338,+36.146184,-106.066949
35,039,000300,2,1818,+36.102559,-106.048946
35,039,000300,3,1460,+36.047106,-106.110513
35,039,000300,4,1341,+36.128503,-106.017884
35,039,000400,1,1211,+36.416586,-106.114333
35,039,000400,2,1256,+36.237268,-106.266132
35,039,000400,3,676,+36.187613,-106.664781
35,039,000400,4,1623,+36.170580,-106.176607
35,039,000500,1,1327,+36.902195,-106.644501
35,039,000500,2,1081,+36.372715,-106.682219
35,039,000500,3,1303,+36.729201,-106.560785
35,039,940700,1,897,+36.004394,-106.054219
35,039,940700,2,1265,+35.994910,-106.086507
35,039,940700,3,1292,+35.992867,-106.073198
35,039,940800,1,1188,+35.977032,-106.066512
35,039,940800,2,1772,+35.947768,-106.074044
35,039,940800,3,1488,+35.971394,-106.092448
35,039,941000,1,1375,+36.943477,-106.996372
35,039,941000,2,1067,+36.749761,-107.137064
35,039,941000,3,1057,+36.937938,-106.983959
35,039,944100,1,1113,+36.046873,-106.063707
35,039,944100,2,639,+36.074068,-106.063439
35,039,944100,3,1128,+36.073471,-106.094977
35,039,944100,4,1665,+36.043428,-106.103181
35,039,944100,5,1764,+36.022761,-106.060833
35,041,000100,1,1253,+34.179073,-103.326287
35,041,000100,2,1251,+34.184061,-103.333051
35,041,000100,3,1091,+34.174964,-103.335040
35,041,000100,4,1159,+34.169250,-103.334908
35,041,000200,1,1100,+34.189909,-103.325696
35,041,000200,2,1222,+34.193505,-103.340341
35,041,000200,3,1379,+34.189588,-103.350066
35,041,000300,1,1516,+34.177706,-103.342476
35,041,000300,2,834,+34.177783,-103.362041
35,041,000300,3,767,+34.173972,-103.349667
35,041,000300,4,1183,+34.168316,-103.347778
35,041,000401,1,1064,+34.150241,-103.585394
35,041,000401,2,1127,+34.183458,-103.398183
35,041,000401,3,1210,+34.225344,-103.348453
35,041,000402,1,861,+33.905871,-103.295110
35,041,000402,2,1433,+34.141621,-103.338544
35,041,000402,3,1396,+34.190031,-103.244610
35,043,010503,1,968,+35.324253,-106.540828
35,043,010503,2,1589,+35.310997,-106.549058
35,043,010503,3,868,+35.307031,-106.541369
35,043,010601,1,2332,+35.230006,-106.622614
35,043,010601,2,1999,+35.232006,-106.607531
35,043,010602,1,2341,+35.250882,-106.618473
35,043,010602,2,1657,+35.228804,-106.640918
35,043,010702,1,1598,+35.290751,-106.596695
35,043,010702,2,2235,+35.276898,-106.608444
35,043,010702,3,1194,+35.315855,-106.569809
35,043,010702,4,1495,+35.299347,-106.585726
35,043,010703,1,2596,+35.280308,-106.631680
35,043,010703,2,1836,+35.269701,-106.640826
35,043,010703,3,1121,+35.268115,-106.651380
35,043,010703,4,2766,+35.261559,-106.653317
35,043,010705,1,2323,+35.262152,-106.690947
35,043,010705,2,1103,+35.252218,-106.692878
35,043,010705,3,1277,+35.251144,-106.686323
35,043,010705,4,1294,+35.245979,-106.691711
35,043,010712,1,1207,+35.248862,-106.710883
35,043,010712,2,1375,+35.257176,-106.703699
35,043,010712,3,1235,+35.247461,-106.706018
35,043,010712,4,1356,+35.248915,-106.700651
35,043,010713,1,1576,+35.246866,-106.743475
35,043,010713,2,1300,+35.246777,-106.731845
35,043,010713,3,1048,+35.247168,-106.725310
35,043,010713,4,1433,+35.247813,-106.718136
35,043,010714,1,3176,+35.251814,-106.668888
35,043,010714,2,1522,+35.255968,-106.655523
35,043,010715,1,2600,+35.250926,-106.678648
35,043,010715,2,981,+35.244344,-106.666013
35,043,010716,1,2086,+35.242015,-106.642474
35,043,010716,2,921,+35.246867,-106.644146
35,043,010716,3,1038,+35.247972,-106.649637
35,043,010716,4,2003,+35.240098,-106.649868
35,043,010717,1,2825,+35.337708,-106.589115
35,043,010717,2,4394,+35.348135,-106.609577
35,043,010717,3,1777,+35.331711,-106.591281
35,043,010718,1,4803,+35.301109,-106.622130
35,043,010719,1,945,+35.237328,-106.663171
35,043,010719,2,1207,+35.234386,-106.671067
35,043,010719,3,1760,+35.224344,-106.670062
35,043,010720,1,2790,+35.226430,-106.688780
35,043,010720,2,3302,+35.234389,-106.688395
35,043,010720,3,1418,+35.234742,-106.715752
35,043,010721,1,2286,+35.285890,-106.709077
35,043,010721,2,2045,+35.293893,-106.706791
35,043,010722,1,2925,+35.273132,-106.733108
35,043,010722,2,1983,+35.266719,-106.723823
35,043,010723,1,1961,+35.314382,-106.720168
35,043,010723,2,3372,+35.310211,-106.716538
35,043,010723,3,4621,+35.320614,-106.718698
35,043,010900,1,1156,+36.021557,-106.954863
35,043,010900,2,1162,+35.769827,-106.903222
35,043,011000,1,1136,+35.596377,-106.349766
35,043,011000,2,827,+35.644168,-106.420488
35,043,011100,1,3136,+35.324705,-106.493076
35,043,011100,2,631,+35.271742,-106.325620
35,043,011100,3,1716,+35.289746,-106.488231
35,043,011100,4,1329,+35.317294,-106.418028
35,043,011200,1,1992,+35.741463,-106.689352
35,043,011200,2,737,+35.516822,-106.709850
35,043,940200,1,2456,+35.514001,-106.362970
35,043,940200,2,1110,+35.535135,-106.336527
35,043,940300,1,0,+35.850777,-106.257477
35,043,940500,1,729,+35.302514,-106.563136
35,043,940500,2,2082,+35.301965,-106.554345
35,043,940500,3,1438,+35.296455,-106.548066
35,043,940600,1,1815,+35.610210,-106.728196
35,043,940700,1,3578,+35.416286,-106.449384
35,043,940900,1,1166,+36.077640,-107.429073
35,043,940900,2,1502,+35.806913,-107.237534
35,045,000100,1,745,+36.721885,-108.194969
35,045,000100,2,1765,+36.716064,-108.198990
35,045,000100,3,1225,+36.715952,-108.183614
35,045,000100,4,1376,+36.725269,-108.176364
35,045,000201,1,1490,+36.782513,-108.145658
35,045,000201,2,2855,+36.786566,-108.129531
35,045,000202,1,2374,+36.769736,-108.194840
35,045,000202,2,1089,+36.770385,-108.169201
35,045,000202,3,1544,+36.766934,-108.157215
35,045,000204,1,1340,+36.760183,-108.147775
35,045,000204,2,964,+36.767995,-108.135680
35,045,000205,1,1425,+36.751313,-108.174772
35,045,000205,2,947,+36.757278,-108.163937
35,045,000205,3,1981,+36.747070,-108.170447
35,045,000205,4,1151,+36.744534,-108.179878
35,045,000205,5,1194,+36.738131,-108.187699
35,045,000301,1,1428,+36.757109,-108.199579
35,045,000301,2,955,+36.757002,-108.203960
35,045,000301,3,1019,+36.758682,-108.190542
35,045,000301,4,1770,+36.751907,-108.190097
35,045,000302,1,926,+36.746297,-108.191714
35,045,000302,2,837,+36.742681,-108.193774
35,045,000302,3,664,+36.743931,-108.199867
35,045,000302,4,1052,+36.736294,-108.198827
35,045,000401,1,1187,+36.755263,-108.210743
35,045,000401,2,1435,+36.747469,-108.211379
35,045,000401,3,2015,+36.736464,-108.216685
35,045,000401,4,698,+36.741990,-108.205789
35,045,000402,1,768,+36.725972,-108.213241
35,045,000402,2,1068,+36.731741,-108.213823
35,045,000402,3,1835,+36.730934,-108.237854
35,045,000503,1,2042,+36.751992,-108.265588
35,045,000503,2,1102,+36.742444,-108.271438
35,045,000504,1,1024,+36.760381,-108.488056
35,045,000504,2,1064,+36.751980,-108.425254
35,045,000505,1,1093,+36.736409,-108.313963
35,045,000505,2,1518,+36.730858,-108.350221
35,045,000505,3,917,+36.741915,-108.374827
35,045,000505,4,865,+36.736405,-108.345234
35,045,000505,5,1092,+36.760389,-108.343473
35,045,000505,6,2016,+36.746010,-108.340880
35,045,000607,1,1231,+36.703694,-108.126563
35,045,000607,2,2401,+36.724672,-108.136888
35,045,000608,1,3108,+36.749089,-108.123418
35,045,000608,2,1621,+36.788403,-108.043381
35,045,000608,3,1401,+36.760542,-108.053735
35,045,000609,1,1416,+36.814208,-108.003974
35,045,000610,1,692,+36.834698,-107.984265
35,045,000610,2,2384,+36.823126,-107.980969
35,045,000610,3,1440,+36.831067,-108.004151
35,045,000611,1,1178,+36.860065,-107.963258
35,045,000611,2,1461,+36.913228,-107.936446
35,045,000611,3,917,+36.910552,-107.906220
35,045,000612,1,761,+36.824551,-108.012493
35,045,000612,2,1319,+36.831782,-108.018364
35,045,000613,1,849,+36.816305,-108.044453
35,045,000613,2,1806,+36.833476,-108.066632
35,045,000613,3,868,+36.797949,-108.097619
35,045,000613,4,674,+36.801821,-108.072094
35,045,000702,1,1232,+36.722846,-107.844064
35,045,000705,1,1890,+36.724418,-107.964693
35,045,000705,2,1941,+36.709756,-107.974478
35,045,000706,1,1988,+36.716070,-107.909364
35,045,000706,2,1264,+36.841213,-107.744743
35,045,000707,1,1447,+36.723761,-107.991156
35,045,000707,2,730,+36.706876,-107.993196
35,045,000707,3,2132,+36.715136,-107.988634
35,045,000708,1,2405,+36.696347,-108.071532
35,045,000708,2,2183,+36.720711,-108.061800
35,045,000900,1,2061,+36.681523,-108.053229
35,045,942801,1,901,+36.763303,-108.574284
35,045,942801,2,632,+36.851593,-108.726638
35,045,942801,3,1326,+36.805749,-108.856177
35,045,942802,1,2156,+36.792917,-108.672423
35,045,942802,2,946,+36.809047,-108.719794
35,045,942802,3,779,+36.779364,-108.663078
35,045,942802,4,2306,+36.810517,-108.695020
35,045,942803,1,821,+36.776623,-108.703823
35,045,942803,2,930,+36.760298,-108.707256
35,045,942803,3,909,+36.761982,-108.694481
35,045,942900,1,879,+36.547137,-108.936437
35,045,942900,2,827,+36.469547,-108.769039
35,045,942900,3,688,+36.402584,-108.867174
35,045,942900,4,800,+36.298727,-108.779794
35,045,942900,5,982,+36.252566,-108.780804
35,045,942900,6,753,+36.163928,-108.723194
35,045,943000,1,1788,+36.720420,-108.323147
35,045,943000,2,1870,+36.733765,-108.477145
35,045,943000,3,1165,+36.598110,-108.368517
35,045,943100,1,740,+36.073635,-108.656813
35,045,943100,2,1203,+36.060168,-108.813990
35,045,943201,1,1228,+36.691457,-108.001346
35,045,943201,2,1141,+36.160019,-107.949659
35,045,943201,3,1532,+36.477009,-108.050219
35,045,943201,4,873,+36.338069,-107.759693
35,045,943201,5,928,+36.656944,-108.213397
35,045,943300,1,2286,+36.866155,-108.208420
35,047,957200,1,2544,+35.624516,-105.217525
35,047,957200,2,637,+35.614555,-105.218942
35,047,957200,3,616,+35.612994,-105.226963
35,047,957300,1,932,+35.599232,-105.225987
35,047,957300,2,880,+35.600844,-105.217363
35,047,957300,3,811,+35.602678,-105.211111
35,047,957300,4,634,+35.596351,-105.221782
35,047,957400,1,981,+35.589484,-105.213097
35,047,957400,2,810,+35.589822,-105.224807
35,047,957400,3,1381,+35.582174,-105.221081
35,047,957400,4,1360,+35.581918,-105.229500
35,047,957500,1,782,+35.508859,-104.666682
35,047,957500,2,1186,+35.799750,-105.307136
35,047,957500,3,1433,+35.675919,-105.298586
35,047,957500,4,994,+35.382517,-105.216360
35,047,957600,1,2467,+35.490879,-105.470754
35,047,957600,2,1946,+35.605585,-105.525195
35,047,957600,3,2032,+35.569479,-105.686886
35,047,957700,1,1393,+35.379582,-105.535505
35,047,957700,2,1064,+35.328577,-105.384015
35,047,957800,1,1466,+35.618566,-105.239491
35,047,957800,2,1456,+35.624919,-105.232307
35,047,957800,3,874,+35.601376,-105.240637
35,047,957800,4,714,+35.595208,-105.233189
35,049,000101,1,1814,+35.699154,-105.918017
35,049,000101,2,633,+35.714422,-105.929083
35,049,000101,3,578,+35.696388,-105.933791
35,049,000101,4,919,+35.698030,-105.942056
35,049,000200,1,1068,+35.709511,-105.950252
35,049,000200,2,985,+35.687520,-105.972779
35,049,000200,3,1474,+35.692215,-105.959750
35,049,000300,1,1441,+35.689278,-105.949799
35,049,000400,1,336,+35.685900,-105.938211
35,049,000500,1,1202,+35.680655,-105.930773
35,049,000500,2,1092,+35.676280,-105.921892
35,049,000600,1,962,+35.676963,-105.941219
35,049,000600,2,1100,+35.676884,-105.947119
35,049,000700,1,2099,+35.680998,-105.956542
35,049,000800,1,2072,+35.679060,-105.973804
35,049,000800,2,915,+35.685461,-105.958771
35,049,000900,1,1880,+35.671827,-105.973113
35,049,000900,2,1698,+35.665293,-105.983424
35,049,001001,1,598,+35.665111,-105.943070
35,049,001001,2,1413,+35.666731,-105.951945
35,049,001002,1,710,+35.666026,-105.958704
35,049,001002,2,769,+35.666982,-105.964776
35,049,001002,3,1989,+35.661896,-105.968841
35,049,001102,1,2107,+35.645353,-105.952512
35,049,001102,2,1099,+35.647294,-105.941174
35,049,001103,1,1292,+35.655249,-105.961751
35,049,001103,2,597,+35.654919,-105.969368
35,049,001105,1,1593,+35.645502,-105.963759
35,049,001105,2,844,+35.640192,-105.970008
35,049,001106,1,1697,+35.647711,-105.994128
35,049,001106,2,977,+35.643769,-106.003470
35,049,001107,1,1552,+35.648269,-105.980264
35,049,001107,2,943,+35.642948,-105.986808
35,049,001107,3,1532,+35.653253,-105.987510
35,049,001107,4,1116,+35.640946,-105.977709
35,049,001202,1,1090,+35.664282,-105.991050
35,049,001202,2,2192,+35.648277,-106.009339
35,049,001202,3,1818,+35.654896,-106.011927
35,049,001203,1,1664,+35.648859,-106.045759
35,049,001203,2,1201,+35.671476,-106.002941
35,049,001204,1,833,+35.641408,-106.031476
35,049,001204,2,2295,+35.649494,-106.030146
35,049,001204,3,2428,+35.642999,-106.024874
35,049,001205,1,2771,+35.639387,-106.043875
35,049,001205,2,2519,+35.636914,-106.058567
35,049,001301,1,1661,+35.630425,-106.062803
35,049,001302,1,1171,+35.636457,-106.029396
35,049,001302,2,1681,+35.633049,-106.034990
35,049,001303,1,1350,+35.623056,-106.062886
35,049,001303,2,1193,+35.624434,-106.056147
35,049,001303,3,1718,+35.628342,-106.046226
35,049,001303,4,494,+35.629471,-106.039781
35,049,001303,5,2133,+35.622444,-106.043745
35,049,001304,1,902,+35.606557,-106.051693
35,049,010102,1,1900,+35.970406,-105.982883
35,049,010102,2,1435,+35.980328,-106.015016
35,049,010102,3,1545,+35.994161,-106.023755
35,049,010203,1,24,+35.775599,-105.871864
35,049,010203,2,1262,+35.789169,-105.915634
35,049,010204,1,2155,+35.750827,-106.002388
35,049,010304,1,1945,+35.685497,-106.027258
35,049,010304,2,1784,+35.597281,-106.096624
35,049,010308,1,1364,+35.581479,-106.065939
35,049,010308,2,985,+35.503243,-106.094532
35,049,010309,1,643,+35.510369,-105.829652
35,049,010309,2,1122,+35.403992,-106.123011
35,049,010310,1,1291,+35.128214,-106.044156
35,049,010311,1,3142,+35.104524,-106.200373
35,049,010311,2,1101,+35.172037,-106.195505
35,049,010312,1,2500,+35.073819,-106.181916
35,049,010312,2,2075,+35.054909,-106.202091
35,049,010314,1,1497,+35.629661,-106.010817
35,049,010315,1,1939,+35.634126,-105.990619
35,049,010315,2,655,+35.626438,-105.989694
35,049,010316,1,862,+35.633594,-105.978741
35,049,010316,2,722,+35.634562,-105.969729
35,049,010400,1,1171,+35.656689,-105.896985
35,049,010400,2,1895,+35.654500,-105.929664
35,049,010500,1,927,+35.696181,-105.902122
35,049,010500,2,844,+35.679118,-105.907784
35,049,010601,1,4629,+35.594077,-106.008741
35,049,010602,1,1840,+35.529575,-105.944558
35,049,010602,2,1290,+35.547819,-105.955324
35,049,010603,1,2368,+35.491955,-106.023726
35,049,010700,1,1306,+35.611989,-105.935501
35,049,010700,2,1699,+35.549041,-105.906395
35,049,010700,3,2366,+35.519550,-105.897855
35,049,010800,1,771,+35.577975,-105.743413
35,049,010800,2,2027,+35.582013,-105.869345
35,049,010900,1,2781,+35.607644,-106.099355
35,049,940300,1,572,+35.897302,-106.124701
35,049,940300,2,1180,+35.895536,-106.088452
35,049,940400,1,1404,+35.787971,-105.953470
35,049,940500,1,965,+35.889701,-105.971669
35,049,940500,2,646,+35.905511,-105.972062
35,049,940600,1,1745,+35.891515,-106.004563
35,049,940600,2,797,+35.874653,-106.026788
35,049,940600,3,741,+35.896839,-106.030119
35,049,940900,1,1020,+35.997310,-106.046858
35,049,940900,2,1571,+35.995567,-106.059921
35,049,940900,3,528,+35.987497,-106.046934
35,049,980000,1,929,+35.566012,-106.061693
35,051,962200,1,1820,+33.136533,-107.249150
35,051,962200,2,1636,+33.136009,-107.234725
35,051,962300,1,1937,+33.120632,-107.277029
35,051,962300,2,1523,+33.133233,-107.258308
35,051,962401,1,1080,+33.131061,-107.229691
35,051,962401,2,1403,+33.192076,-107.223735
35,051,962402,1,1322,+33.118064,-107.389489
35,051,962402,2,1267,+32.869994,-107.383535
35,053,940000,1,1564,+34.391321,-107.488605
35,053,978100,1,2034,+34.119564,-106.861173
35,053,978100,2,2219,+34.496001,-106.759579
35,053,978200,1,899,+34.095415,-107.138996
35,053,978200,2,952,+34.113662,-107.238793
35,053,978301,1,2094,+34.060153,-106.908811
35,053,978301,2,820,+34.047513,-106.899088
35,053,978302,1,1546,+34.076774,-106.901201
35,053,978302,2,1041,+34.064963,-106.902910
35,053,978302,3,1121,+34.059570,-106.896530
35,053,978303,1,2037,+34.075659,-106.887456
35,053,978303,2,1539,+34.017101,-106.882512
35,055,940000,1,996,+36.185760,-105.726526
35,055,940000,2,890,+36.179659,-105.686701
35,055,940100,1,1117,+36.405850,-105.583125
35,055,940100,2,3372,+36.438855,-105.624140
35,055,940100,3,1279,+36.436846,-105.556739
35,055,940100,4,891,+36.428486,-105.581741
35,055,940100,5,617,+36.414400,-105.573820
35,055,940100,6,433,+36.405458,-105.569319
35,055,952100,1,715,+36.854513,-105.496181
35,055,952100,2,985,+36.661482,-105.508825
35,055,952100,3,1936,+36.518781,-105.609776
35,055,952100,4,1383,+36.525819,-105.565624
35,055,952100,5,1364,+36.715078,-105.589239
35,055,952300,1,1532,+36.598841,-105.756261
35,055,952300,2,1393,+36.609160,-105.650933
35,055,952600,1,837,+36.397824,-105.566801
35,055,952600,2,2641,+36.365989,-105.635717
35,055,952600,3,1790,+36.384876,-105.573652
35,055,952600,4,2571,+36.385746,-105.599132
35,055,952700,1,1300,+36.149906,-105.683920
35,055,952700,2,3100,+36.361269,-105.565868
35,055,952700,3,1795,+36.332103,-105.610909
35,057,963201,1,2338,+35.000114,-106.168576
35,057,963201,2,1740,+35.027282,-106.128639
35,057,963202,1,1382,+35.000399,-106.054931
35,057,963202,2,1775,+35.007076,-106.008756
35,057,963600,1,1265,+34.935142,-106.008426
35,057,963600,2,1023,+34.830233,-106.074665
35,057,963600,3,1730,+34.759030,-106.044099
35,057,963600,4,1338,+34.924127,-106.082539
35,057,963600,5,1498,+34.730762,-106.238325
35,057,963700,1,643,+34.577858,-105.817048
35,057,963700,2,1651,+34.522177,-106.261211
35,059,950200,1,1480,+36.452789,-103.174834
35,059,950200,2,1025,+36.446633,-103.186811
35,059,950200,3,2044,+36.462077,-103.363098
35,061,940300,1,847,+34.876544,-106.681720
35,061,970101,1,1580,+34.804800,-106.616848
35,061,970101,2,2013,+34.802036,-106.569499
35,061,970101,3,1115,+34.804233,-106.543723
35,061,970102,1,931,+34.814057,-106.706432
35,061,970102,2,796,+34.827793,-106.687923
35,061,970102,3,2515,+34.804847,-106.687811
35,061,970102,4,832,+34.827930,-106.696843
35,061,970102,5,1556,+34.831527,-106.675262
35,061,970200,1,1453,+34.844363,-106.701002
35,061,970200,2,1518,+34.860077,-106.706429
35,061,970200,3,932,+34.859905,-106.690472
35,061,970301,1,1265,+34.766610,-106.652258
35,061,970301,2,1573,+34.754847,-106.646639
35,061,970301,3,2099,+34.777249,-106.668736
35,061,970301,4,2397,+34.769034,-106.623637
35,061,970302,1,1140,+34.712015,-106.703921
35,061,970302,2,1631,+34.731204,-106.671399
35,061,970303,1,1630,+34.761370,-106.722786
35,061,970303,2,2120,+34.783294,-106.691568
35,061,970303,3,1645,+34.749863,-106.713866
35,061,970303,4,1162,+34.700216,-106.731041
35,061,970401,1,2252,+34.816926,-106.727678
35,061,970401,2,1032,+34.797795,-106.733989
35,061,970401,3,1803,+34.795233,-106.729550
35,061,970404,1,3197,+34.805692,-106.758605
35,061,970404,2,1617,+34.802045,-106.743436
35,061,970405,1,1023,+34.808153,-106.789457
35,061,970405,2,1950,+34.814843,-106.773512
35,061,970700,1,1127,+34.734954,-106.748230
35,061,970700,2,2549,+34.752883,-106.759598
35,061,970700,3,1927,+34.728875,-106.774041
35,061,970700,4,1238,+34.776084,-106.759985
35,061,970800,1,1213,+34.669945,-106.769599
35,061,970800,2,1430,+34.680715,-106.780051
35,061,970800,3,892,+34.662494,-106.789181
35,061,970800,4,731,+34.665836,-106.780750
35,061,970800,5,789,+34.658552,-106.782324
35,061,970901,1,1272,+34.671729,-106.759224
35,061,970901,2,661,+34.655963,-106.772798
35,061,970901,3,1332,+34.648384,-106.782463
35,061,970901,4,1405,+34.648028,-106.758394
35,061,970902,1,2686,+34.596739,-106.773827
35,061,971000,1,852,+34.644813,-106.711250
35,061,971000,2,1892,+34.650201,-106.721550
35,061,971000,3,922,+34.639688,-106.733911
35,061,971000,4,1057,+34.631130,-106.726694
35,061,971100,1,1595,+34.567182,-106.706211
35,061,971300,1,2077,+34.732157,-106.923771
35,061,971400,1,613,+34.819546,-106.736816
35,061,971400,2,2685,+34.824192,-106.755497
