STATEFP,COUNTYFP,TRACTCE,BLKGRPCE,POPULATION,LATITUDE,LONGITUDE
32,001,950100,1,1027,+39.472990,-118.649584
32,001,950100,2,1536,+39.401853,-118.746037
32,001,950301,1,815,+39.471176,-118.773756
32,001,950301,2,1380,+39.481754,-118.768379
32,001,950301,3,1689,+39.467685,-118.769588
32,001,950302,1,1576,+39.468094,-118.790079
32,001,950302,2,758,+39.471987,-118.787020
32,001,950302,3,1476,+39.483180,-118.782365
32,001,950302,4,661,+39.469108,-118.779520
32,001,950302,5,797,+39.476921,-118.788875
32,001,950400,1,711,+39.418799,-118.730744
32,001,950500,1,761,+39.507251,-118.638053
32,001,950500,2,630,+39.519602,-118.744524
32,001,950600,1,1926,+39.515105,-118.883510
32,001,950600,2,1865,+39.501016,-118.837228
32,001,950600,3,1568,+39.493362,-118.791485
32,001,950700,1,1534,+39.415933,-118.836248
32,001,950700,2,1592,+39.470280,-118.819125
32,001,950700,3,869,+39.500718,-118.965190
32,001,950700,4,1706,+39.473436,-118.847357
32,003,000101,1,1171,+36.178004,-115.186602
32,003,000101,2,1887,+36.178418,-115.198759
32,003,000101,3,698,+36.184010,-115.194267
32,003,000101,4,2112,+36.184212,-115.185939
32,003,000101,5,983,+36.186355,-115.181471
32,003,000103,1,1017,+36.164868,-115.237481
32,003,000103,2,1307,+36.164711,-115.228763
32,003,000103,3,2182,+36.161097,-115.238553
32,003,000103,4,1139,+36.161376,-115.228306
32,003,000105,1,945,+36.168157,-115.199813
32,003,000105,2,1951,+36.165001,-115.199825
32,003,000105,3,1102,+36.161304,-115.201351
32,003,000106,1,1066,+36.167974,-115.210644
32,003,000106,2,2209,+36.170384,-115.219711
32,003,000106,3,988,+36.171799,-115.210959
32,003,000107,1,1456,+36.164641,-115.216473
32,003,000107,2,2400,+36.161428,-115.214187
32,003,000108,1,1473,+36.177394,-115.208114
32,003,000108,2,2208,+36.184585,-115.211258
32,003,000109,1,1172,+36.175674,-115.217192
32,003,000109,2,855,+36.178282,-115.212141
32,003,000109,3,1540,+36.178758,-115.219256
32,003,000201,1,2344,+36.184445,-115.173978
32,003,000201,2,1079,+36.179210,-115.173898
32,003,000201,3,1110,+36.181094,-115.165782
32,003,000203,1,1242,+36.173186,-115.168205
32,003,000203,2,769,+36.168772,-115.168138
32,003,000203,3,886,+36.162867,-115.162622
32,003,000203,4,685,+36.169867,-115.163125
32,003,000204,1,577,+36.156684,-115.168222
32,003,000204,2,580,+36.149741,-115.169691
32,003,000301,1,1687,+36.192236,-115.147397
32,003,000301,2,552,+36.178068,-115.147972
32,003,000301,3,864,+36.184715,-115.148246
32,003,000302,1,939,+36.190905,-115.167651
32,003,000302,2,1388,+36.188831,-115.154866
32,003,000302,3,559,+36.183178,-115.156170
32,003,000302,4,885,+36.192336,-115.156377
32,003,000302,5,902,+36.180147,-115.155951
32,003,000401,1,710,+36.178804,-115.138580
32,003,000401,2,2155,+36.184794,-115.137981
32,003,000402,1,1571,+36.179618,-115.128370
32,003,000402,2,655,+36.175576,-115.127342
32,003,000402,3,1265,+36.175648,-115.133241
32,003,000403,1,821,+36.171324,-115.132635
32,003,000403,2,1017,+36.172663,-115.127352
32,003,000403,3,915,+36.168855,-115.127536
32,003,000510,1,1009,+36.182444,-115.122685
32,003,000510,2,1836,+36.185183,-115.118617
32,003,000510,3,1441,+36.176940,-115.122392
32,003,000510,4,1217,+36.178448,-115.118177
32,003,000513,1,2148,+36.186604,-115.074716
32,003,000513,2,940,+36.182822,-115.073519
32,003,000513,3,786,+36.183878,-115.067150
32,003,000514,1,1041,+36.175995,-115.096285
32,003,000514,2,1266,+36.178847,-115.085241
32,003,000514,3,1744,+36.175270,-115.086076
32,003,000514,4,975,+36.178642,-115.097345
32,003,000514,5,1209,+36.175344,-115.092304
32,003,000515,1,1592,+36.178586,-115.076265
32,003,000515,2,1272,+36.179618,-115.065578
32,003,000515,3,1060,+36.176358,-115.071658
32,003,000515,4,1180,+36.175322,-115.077788
32,003,000516,1,1041,+36.167633,-115.085411
32,003,000516,2,1205,+36.171544,-115.085308
32,003,000516,3,1007,+36.170082,-115.091909
32,003,000516,4,2073,+36.168164,-115.098461
32,003,000517,1,1261,+36.171691,-115.076590
32,003,000517,2,1669,+36.171119,-115.066137
32,003,000517,3,1307,+36.168386,-115.075654
32,003,000517,4,866,+36.168477,-115.068187
32,003,000518,1,672,+36.160442,-115.099378
32,003,000518,2,799,+36.163126,-115.095420
32,003,000518,3,1625,+36.162962,-115.089202
32,003,000518,4,1750,+36.163253,-115.083160
32,003,000518,5,451,+36.160418,-115.096195
32,003,000519,1,861,+36.163875,-115.078110
32,003,000519,2,821,+36.163812,-115.073850
32,003,000519,3,1612,+36.163039,-115.067566
32,003,000519,4,1355,+36.160216,-115.071432
32,003,000520,1,1072,+36.171143,-115.122837
32,003,000520,2,923,+36.171059,-115.118769
32,003,000521,1,771,+36.160654,-115.122358
32,003,000521,2,1276,+36.165169,-115.122795
32,003,000521,3,961,+36.161818,-115.118356
32,003,000521,4,1119,+36.165436,-115.118303
32,003,000522,1,866,+36.171664,-115.108618
32,003,000522,2,1316,+36.169131,-115.109466
32,003,000522,3,1256,+36.171934,-115.113975
32,003,000523,1,1453,+36.161020,-115.111142
32,003,000523,2,741,+36.166901,-115.111575
32,003,000524,1,663,+36.179888,-115.111838
32,003,000524,2,375,+36.176366,-115.114786
32,003,000524,3,1250,+36.175422,-115.110568
32,003,000525,1,1162,+36.185678,-115.113936
32,003,000525,2,686,+36.182090,-115.110820
32,003,000525,3,910,+36.185670,-115.109775
32,003,000526,1,1260,+36.186341,-115.102836
32,003,000526,2,1435,+36.182875,-115.103076
32,003,000527,1,1262,+36.181827,-115.085030
32,003,000527,2,1451,+36.184732,-115.095815
32,003,000527,3,1075,+36.184058,-115.091942
32,003,000528,1,572,+36.183588,-115.084093
32,003,000528,2,1102,+36.186686,-115.089288
32,003,000528,3,1581,+36.186459,-115.083886
32,003,000600,1,1551,+36.164265,-115.127667
32,003,000600,2,1273,+36.161752,-115.130649
32,003,000700,1,3577,+36.168048,-115.146554
32,003,000700,2,0,+36.167597,-115.144147
32,003,000700,3,381,+36.171457,-115.139316
32,003,000700,4,1228,+36.168154,-115.134512
32,003,000800,1,1609,+36.164800,-115.137252
32,003,000800,2,624,+36.160624,-115.137383
32,003,000900,1,942,+36.162076,-115.148744
32,003,001003,1,1072,+36.153789,-115.221052
32,003,001003,2,1761,+36.155585,-115.212234
32,003,001003,3,1192,+36.148522,-115.211470
32,003,001004,1,1140,+36.154706,-115.203513
32,003,001004,2,1087,+36.154791,-115.194274
32,003,001004,3,670,+36.155009,-115.188503
32,003,001004,4,1579,+36.148216,-115.203872
32,003,001004,5,1181,+36.147746,-115.197415
32,003,001004,6,711,+36.149169,-115.192513
32,003,001005,1,954,+36.172279,-115.184090
32,003,001005,2,600,+36.162596,-115.181962
32,003,001006,1,760,+36.155810,-115.179882
32,003,001006,2,1419,+36.149286,-115.186827
32,003,001006,3,1993,+36.148808,-115.178501
32,003,001100,1,414,+36.154504,-115.153020
32,003,001100,2,955,+36.149426,-115.159089
32,003,001100,3,1242,+36.145637,-115.160539
32,003,001200,1,798,+36.154890,-115.143820
32,003,001200,2,1448,+36.147249,-115.146389
32,003,001200,3,1900,+36.149199,-115.150929
32,003,001300,1,697,+36.155956,-115.130601
32,003,001300,2,1004,+36.148024,-115.130462
32,003,001300,3,1216,+36.147265,-115.135402
32,003,001300,4,938,+36.152234,-115.138445
32,003,001300,5,839,+36.156035,-115.136636
32,003,001401,1,1547,+36.155249,-115.117230
32,003,001401,2,1634,+36.154522,-115.123595
32,003,001402,1,1093,+36.150153,-115.114729
32,003,001402,2,1079,+36.147088,-115.123177
32,003,001402,3,1014,+36.150258,-115.123163
32,003,001402,4,976,+36.148102,-115.108296
32,003,001501,1,1032,+36.157294,-115.110795
32,003,001501,2,646,+36.152729,-115.105358
32,003,001501,3,1199,+36.157152,-115.105545
32,003,001502,1,1398,+36.149062,-115.096746
32,003,001502,2,1129,+36.157023,-115.096724
32,003,001502,3,928,+36.153694,-115.096637
32,003,001502,4,397,+36.145377,-115.096352
32,003,001607,1,1008,+36.116779,-115.067070
32,003,001607,2,1091,+36.127111,-115.073050
32,003,001607,3,874,+36.124538,-115.068922
32,003,001607,4,2539,+36.120507,-115.067871
32,003,001608,1,890,+36.138464,-115.086250
32,003,001608,2,971,+36.141471,-115.089556
32,003,001609,1,882,+36.157124,-115.086985
32,003,001609,2,1072,+36.153740,-115.087396
32,003,001609,3,1256,+36.148437,-115.085257
32,003,001609,4,1029,+36.149216,-115.090057
32,003,001610,1,1423,+36.154137,-115.077685
32,003,001610,2,1471,+36.148180,-115.078732
32,003,001611,1,2106,+36.156051,-115.065872
32,003,001611,2,1727,+36.148469,-115.069770
32,003,001611,3,936,+36.155206,-115.072074
32,003,001612,1,1616,+36.140584,-115.068151
32,003,001612,2,1985,+36.143348,-115.073847
32,003,001612,3,1444,+36.139594,-115.072281
32,003,001612,4,582,+36.138803,-115.080754
32,003,001612,5,1709,+36.140093,-115.076434
32,003,001613,1,1194,+36.133323,-115.080343
32,003,001613,2,1900,+36.134809,-115.069506
32,003,001613,3,905,+36.133571,-115.076347
32,003,001706,1,1586,+36.118178,-115.111066
32,003,001706,2,1426,+36.119909,-115.096906
32,003,001707,1,1510,+36.126239,-115.112293
32,003,001708,1,1854,+36.126391,-115.101615
32,003,001708,2,1161,+36.125774,-115.094807
32,003,001709,1,1547,+36.121455,-115.088718
32,003,001710,1,2449,+36.123119,-115.079903
32,003,001710,2,1737,+36.117058,-115.075512
32,003,001711,1,2382,+36.113182,-115.106067
32,003,001711,2,1237,+36.104868,-115.116581
32,003,001712,1,1924,+36.106721,-115.109881
32,003,001712,2,1923,+36.103902,-115.105328
32,003,001713,1,1466,+36.111000,-115.087447
32,003,001713,2,1458,+36.103889,-115.087129
32,003,001714,1,1630,+36.111318,-115.077677
32,003,001714,2,1714,+36.104183,-115.077623
32,003,001715,1,1012,+36.105227,-115.070866
32,003,001715,2,1623,+36.103010,-115.067609
32,003,001716,1,1579,+36.110879,-115.069314
32,003,001717,1,1331,+36.107785,-115.095652
32,003,001718,1,1898,+36.102704,-115.061616
32,003,001718,2,1293,+36.103139,-115.056580
32,003,001801,1,1173,+36.138522,-115.102615
32,003,001801,2,1423,+36.139872,-115.097124
32,003,001801,3,1062,+36.131583,-115.087963
32,003,001801,4,1406,+36.132850,-115.094882
32,003,001801,5,1027,+36.131913,-115.101709
32,003,001803,1,1140,+36.134591,-115.115015
32,003,001803,2,1491,+36.132993,-115.108747
32,003,001804,1,1035,+36.140769,-115.107638
32,003,001804,2,1273,+36.138516,-115.115376
32,003,001804,3,1247,+36.142508,-115.114782
32,003,001901,1,1921,+36.142092,-115.128406
32,003,001901,2,815,+36.139899,-115.125231
32,003,001901,3,1979,+36.142494,-115.133289
32,003,001901,4,1172,+36.138542,-115.133081
32,003,001902,1,1848,+36.133594,-115.132857
32,003,001902,2,1023,+36.135408,-115.123112
32,003,001902,3,1317,+36.131648,-115.125304
32,003,002000,1,1623,+36.142035,-115.150040
32,003,002000,2,1132,+36.137176,-115.145936
32,003,002000,3,1187,+36.134412,-115.140208
32,003,002201,1,1336,+36.141576,-115.179129
32,003,002201,2,1142,+36.139611,-115.182256
32,003,002201,3,1472,+36.139160,-115.188361
32,003,002203,1,1400,+36.141679,-115.201465
32,003,002203,2,883,+36.142584,-115.195222
32,003,002203,3,2480,+36.139017,-115.206590
32,003,002204,1,1415,+36.138139,-115.197582
32,003,002204,2,617,+36.135555,-115.192684
32,003,002204,3,1257,+36.139446,-115.195108
32,003,002204,4,1111,+36.138043,-115.192576
32,003,002206,1,1400,+36.131639,-115.195682
32,003,002206,2,1995,+36.130110,-115.201745
32,003,002207,1,2001,+36.134511,-115.203495
32,003,002207,2,1726,+36.136406,-115.202304
32,003,002207,3,396,+36.131814,-115.206841
32,003,002302,1,857,+36.135235,-115.160723
32,003,002303,1,836,+36.139322,-115.157480
32,003,002403,1,1556,+36.123530,-115.148060
32,003,002403,2,1305,+36.122940,-115.152839
32,003,002403,3,520,+36.128166,-115.150390
32,003,002403,4,1150,+36.125622,-115.151755
32,003,002404,1,1435,+36.125315,-115.143191
32,003,002404,2,238,+36.128341,-115.143747
32,003,002404,3,740,+36.124934,-115.139423
32,003,002404,4,1201,+36.128125,-115.139910
32,003,002404,5,1190,+36.123722,-115.144608
32,003,002405,1,1839,+36.117677,-115.151107
32,003,002405,2,1228,+36.117683,-115.148550
32,003,002405,3,1097,+36.120083,-115.148233
32,003,002406,1,1017,+36.117270,-115.144405
32,003,002406,2,2224,+36.120211,-115.142952
32,003,002501,1,1278,+36.125860,-115.128718
32,003,002501,2,3330,+36.118046,-115.132915
32,003,002501,3,1790,+36.117033,-115.127798
32,003,002504,1,1878,+36.104773,-115.133336
32,003,002504,2,918,+36.102815,-115.129760
32,003,002504,3,1052,+36.104124,-115.123392
32,003,002505,1,764,+36.109719,-115.126947
32,003,002505,2,1270,+36.111605,-115.124118
32,003,002506,1,1301,+36.110537,-115.134560
32,003,002506,2,877,+36.112840,-115.130769
32,003,002506,3,1171,+36.109347,-115.130747
32,003,002603,1,332,+36.109325,-115.143692
32,003,002603,2,1827,+36.105709,-115.145534
32,003,002603,3,1928,+36.112990,-115.141024
32,003,002604,1,0,+36.109028,-115.154345
32,003,002604,2,1589,+36.105343,-115.161497
32,003,002604,3,696,+36.104782,-115.154220
32,003,002605,1,0,+36.109718,-115.161918
32,003,002605,2,909,+36.111466,-115.156817
32,003,002706,1,1338,+36.099121,-115.134629
32,003,002706,2,1892,+36.098666,-115.123558
32,003,002706,3,1053,+36.099099,-115.130161
32,003,002707,1,1096,+36.091754,-115.124492
32,003,002707,2,1046,+36.088135,-115.124404
32,003,002707,3,1800,+36.095385,-115.127402
32,003,002708,1,1475,+36.095457,-115.134410
32,003,002708,2,1413,+36.091333,-115.135170
32,003,002808,1,1177,+36.056931,-115.110772
32,003,002808,2,650,+36.067147,-115.095843
32,003,002810,1,1720,+36.032067,-115.177538
32,003,002810,2,1497,+36.038631,-115.176102
32,003,002811,1,1237,+36.037934,-115.123513
32,003,002811,2,2799,+36.033275,-115.127426
32,003,002814,1,2307,+36.019678,-115.132202
32,003,002814,2,1490,+36.014966,-115.122796
32,003,002814,3,1283,+36.018828,-115.122795
32,003,002821,1,1794,+36.076127,-115.088638
32,003,002821,2,1944,+36.077599,-115.078340
32,003,002821,3,851,+36.074325,-115.077008
32,003,002822,1,1865,+36.097554,-115.072333
32,003,002822,2,1843,+36.094314,-115.067383
32,003,002823,1,1679,+36.094614,-115.105825
32,003,002823,2,982,+36.098129,-115.113972
32,003,002823,3,925,+36.096439,-115.106591
32,003,002824,1,769,+36.091311,-115.113440
32,003,002824,2,846,+36.090515,-115.105731
32,003,002825,1,1644,+36.096879,-115.096216
32,003,002825,2,1409,+36.090112,-115.095299
32,003,002826,1,1282,+36.097145,-115.088114
32,003,002826,2,1618,+36.091515,-115.085917
32,003,002827,1,1185,+36.090654,-115.079337
32,003,002827,2,1662,+36.089027,-115.072431
32,003,002828,1,3329,+36.029747,-115.164221
32,003,002829,1,1224,+36.035513,-115.146612
32,003,002829,2,851,+36.033631,-115.152703
32,003,002829,3,884,+36.032059,-115.149251
32,003,002829,4,955,+36.039967,-115.150374
32,003,002830,1,1261,+36.038003,-115.143224
32,003,002830,2,1461,+36.039039,-115.137241
32,003,002830,3,3430,+36.031783,-115.137428
32,003,002831,1,3533,+36.018413,-115.176196
32,003,002832,1,3225,+36.021358,-115.168840
32,003,002832,2,1218,+36.014769,-115.166483
32,003,002832,3,1608,+36.019553,-115.158962
32,003,002833,1,2844,+36.024167,-115.149326
32,003,002833,2,2412,+36.024542,-115.140909
32,003,002834,1,1111,+36.018172,-115.138746
32,003,002834,2,1522,+36.016394,-115.142598
32,003,002834,3,3298,+36.016973,-115.150021
32,003,002835,1,1456,+36.011496,-115.150599
32,003,002835,2,1063,+36.007936,-115.149825
32,003,002836,1,995,+36.011692,-115.143822
32,003,002836,2,2346,+36.008139,-115.141469
32,003,002837,1,1008,+36.050803,-115.163810
32,003,002837,2,1074,+36.051306,-115.154214
32,003,002837,3,810,+36.046664,-115.147405
32,003,002837,4,1238,+36.045393,-115.142092
32,003,002837,5,1660,+36.053399,-115.145191
32,003,002838,1,1087,+36.045391,-115.124751
32,003,002838,2,1311,+36.047100,-115.134956
32,003,002838,3,1388,+36.053630,-115.134024
32,003,002838,4,1702,+36.053675,-115.121729
32,003,002841,1,1874,+36.001542,-115.160882
32,003,002841,2,975,+36.000296,-115.159016
32,003,002842,1,2829,+35.973390,-115.167735
32,003,002842,2,1597,+35.978376,-115.160350
32,003,002842,3,1464,+35.979207,-115.167597
32,003,002843,1,2354,+35.991876,-115.150171
32,003,002843,2,4011,+35.995289,-115.142211
32,003,002844,1,4012,+36.003501,-115.144496
32,003,002844,2,1518,+36.002915,-115.152417
32,003,002845,1,2621,+36.003058,-115.128651
32,003,002845,2,1990,+36.002377,-115.135401
32,003,002846,1,3239,+36.008729,-115.123056
32,003,002846,2,3614,+36.009105,-115.131660
32,003,002847,1,1826,+36.064854,-115.128801
32,003,002847,2,1901,+36.062661,-115.138741
32,003,002848,1,370,+36.059841,-115.134015
32,003,002848,2,818,+36.058911,-115.121550
32,003,002848,3,1675,+36.061001,-115.128264
32,003,002848,4,899,+36.063348,-115.134603
32,003,002905,1,2147,+36.157274,-115.238530
32,003,002905,2,1292,+36.146090,-115.235708
32,003,002905,3,990,+36.153007,-115.240709
32,003,002905,4,1016,+36.150635,-115.229993
32,003,002915,1,1696,+36.157069,-115.275470
32,003,002915,2,1238,+36.156051,-115.266795
32,003,002915,3,1398,+36.147565,-115.272088
32,003,002915,4,590,+36.152978,-115.274990
32,003,002916,1,1656,+36.156560,-115.254443
32,003,002916,2,1110,+36.150543,-115.253266
32,003,002919,1,1902,+36.120719,-115.254160
32,003,002919,2,1028,+36.120165,-115.247571
32,003,002919,3,1231,+36.115997,-115.248107
32,003,002935,1,843,+36.122225,-115.219511
32,003,002935,2,686,+36.118425,-115.221381
32,003,002936,1,1509,+36.117518,-115.229967
32,003,002936,2,1708,+36.123073,-115.228638
32,003,002937,1,2131,+36.138078,-115.211210
32,003,002937,2,960,+36.131479,-115.212318
32,003,002937,3,1492,+36.128120,-115.213009
32,003,002938,1,1485,+36.136241,-115.218696
32,003,002939,1,778,+36.135412,-115.256957
32,003,002939,2,993,+36.135459,-115.248603
32,003,002940,1,1655,+36.123530,-115.265323
32,003,002940,2,1812,+36.127395,-115.265331
32,003,002941,1,1227,+36.105249,-115.248608
32,003,002941,2,1197,+36.101755,-115.247622
32,003,002941,3,1553,+36.110434,-115.246135
32,003,002941,4,1238,+36.110010,-115.250507
32,003,002942,1,1167,+36.111951,-115.237958
32,003,002942,2,2367,+36.102574,-115.238273
32,003,002942,3,901,+36.106700,-115.240704
32,003,002944,1,1464,+36.101291,-115.269667
32,003,002944,2,1486,+36.107215,-115.273147
32,003,002946,1,1315,+36.122539,-115.211641
32,003,002946,2,872,+36.117322,-115.212360
32,003,002947,1,1155,+36.138916,-115.234466
32,003,002947,2,1551,+36.129978,-115.234450
32,003,002948,1,1585,+36.110334,-115.229603
32,003,002948,2,1920,+36.103432,-115.229424
32,003,002949,1,1683,+36.117786,-115.238729
32,003,002949,2,1517,+36.123194,-115.237606
32,003,002950,1,1586,+36.112691,-115.265145
32,003,002950,2,1498,+36.112442,-115.273417
32,003,002950,3,1608,+36.109134,-115.265935
32,003,002951,1,4458,+36.132846,-115.269753
32,003,002951,2,1427,+36.138549,-115.274459
32,003,002951,3,2411,+36.141420,-115.272086
32,003,002952,1,1323,+36.120165,-115.265095
32,003,002952,2,1217,+36.116509,-115.265766
32,003,002953,1,818,+36.101636,-115.255145
32,003,002953,2,998,+36.103668,-115.259068
32,003,002953,3,967,+36.112297,-115.254703
32,003,002953,4,1376,+36.109945,-115.258291
32,003,002954,1,1107,+36.124470,-115.201105
32,003,002954,2,822,+36.116920,-115.202589
32,003,002954,3,983,+36.124337,-115.205453
32,003,002954,4,1338,+36.120321,-115.203593
32,003,002956,1,1869,+36.111667,-115.197215
32,003,002956,2,828,+36.108132,-115.184802
32,003,002957,1,930,+36.096153,-115.270393
32,003,002957,2,978,+36.096102,-115.252642
32,003,002958,1,1543,+36.096481,-115.240635
32,003,002958,2,582,+36.097937,-115.236437
32,003,002958,3,1082,+36.094274,-115.236324
32,003,002958,4,1706,+36.098177,-115.228673
32,003,002958,5,1120,+36.094866,-115.230073
32,003,002961,1,1082,+36.083848,-115.234466
32,003,002961,2,931,+36.089006,-115.229599
32,003,002962,1,2010,+36.091368,-115.199760
32,003,002964,1,2895,+36.109282,-115.220305
32,003,002964,2,2027,+36.112881,-115.220054
32,003,002965,1,1955,+36.103139,-115.218972
32,003,002965,2,1359,+36.105351,-115.211970
32,003,002966,1,2414,+36.113049,-115.212371
32,003,002966,2,1648,+36.109171,-115.214484
32,003,002966,3,1246,+36.109909,-115.210271
32,003,002967,1,789,+36.094415,-115.218314
32,003,002967,2,1628,+36.096434,-115.222947
32,003,002967,3,1251,+36.098022,-115.218634
32,003,002968,1,955,+36.087421,-115.220884
32,003,002968,2,1344,+36.091194,-115.220514
32,003,002969,1,777,+36.089571,-115.214445
32,003,002969,2,560,+36.091774,-115.210408
32,003,002970,1,867,+36.098565,-115.214302
32,003,002970,2,1185,+36.095019,-115.214400
32,003,002970,3,1382,+36.096551,-115.210098
32,003,002974,1,1596,+36.088904,-115.268672
32,003,002974,2,3418,+36.081206,-115.269782
32,003,002975,1,3066,+36.078528,-115.251959
32,003,002975,2,2050,+36.089218,-115.251344
32,003,002976,1,2421,+36.055621,-115.261304
32,003,002976,2,1498,+36.052339,-115.249493
32,003,002977,1,2034,+36.044981,-115.256430
32,003,002977,2,1067,+36.044647,-115.248130
32,003,002978,1,2556,+36.033580,-115.259755
32,003,002979,1,2442,+36.060739,-115.217931
32,003,002980,1,1267,+36.054557,-115.229511
32,003,002980,2,2788,+36.050695,-115.234164
32,003,002980,3,1606,+36.054047,-115.237847
32,003,002981,1,1953,+36.052563,-115.215347
32,003,002981,2,2166,+36.052368,-115.221726
32,003,002982,1,2513,+36.045234,-115.229171
32,003,002982,2,2584,+36.045223,-115.238757
32,003,002982,3,1858,+36.045750,-115.222272
32,003,002983,1,2096,+36.042507,-115.211351
32,003,002984,1,3684,+36.035593,-115.231475
32,003,002985,1,4160,+36.044772,-115.201868
32,003,002995,1,1135,+36.123729,-115.192589
32,003,002995,2,1174,+36.120921,-115.192420
32,003,002995,3,397,+36.117355,-115.192362
32,003,002996,1,1039,+36.120965,-115.195591
32,003,002996,2,1560,+36.117297,-115.197037
32,003,002996,3,954,+36.124221,-115.197326
32,003,002996,4,1197,+36.120859,-115.197874
32,003,003001,1,578,+36.171138,-115.238251
32,003,003001,2,1221,+36.171441,-115.229194
32,003,003001,3,1114,+36.168268,-115.228173
32,003,003001,4,785,+36.167950,-115.238290
32,003,003003,1,1940,+36.186069,-115.255370
32,003,003003,2,1783,+36.185429,-115.247600
32,003,003003,3,1578,+36.180533,-115.252137
32,003,003004,1,1368,+36.176398,-115.256498
32,003,003004,2,759,+36.175863,-115.251241
32,003,003005,1,1014,+36.172053,-115.255141
32,003,003005,2,824,+36.168333,-115.255739
32,003,003005,3,813,+36.170440,-115.248614
32,003,003005,4,829,+36.168723,-115.244916
32,003,003006,1,792,+36.162690,-115.257632
32,003,003006,2,1329,+36.163100,-115.252500
32,003,003006,3,1276,+36.162214,-115.245611
32,003,003102,1,1223,+36.178860,-115.227423
32,003,003102,2,1512,+36.175955,-115.229932
32,003,003102,3,1111,+36.179464,-115.237553
32,003,003102,4,1419,+36.175446,-115.235789
32,003,003103,1,1686,+36.182619,-115.228614
32,003,003103,2,1939,+36.186257,-115.228930
32,003,003104,1,2449,+36.183191,-115.240127
32,003,003104,2,1809,+36.186838,-115.237364
32,003,003204,1,754,+36.253472,-115.274897
32,003,003204,2,1624,+36.259430,-115.271216
32,003,003204,3,828,+36.260051,-115.266224
32,003,003204,4,1402,+36.255009,-115.252038
32,003,003204,5,1215,+36.251998,-115.261193
32,003,003208,1,1549,+36.243591,-115.269768
32,003,003208,2,1350,+36.235724,-115.268415
32,003,003210,1,539,+36.214931,-115.323543
32,003,003210,2,792,+36.211852,-115.328814
32,003,003210,3,587,+36.207335,-115.335927
32,003,003210,4,528,+36.206069,-115.327122
32,003,003211,1,1741,+36.215602,-115.303338
32,003,003211,2,1256,+36.214501,-115.285635
32,003,003213,1,896,+36.209965,-115.315637
32,003,003213,2,1055,+36.208465,-115.308086
32,003,003214,1,807,+36.207782,-115.292541
32,003,003214,2,1144,+36.205075,-115.283731
32,003,003215,1,698,+36.200733,-115.279521
32,003,003215,2,1127,+36.200098,-115.274242
32,003,003215,3,1236,+36.198894,-115.270308
32,003,003215,4,1152,+36.200260,-115.263121
32,003,003218,1,1199,+36.202469,-115.297984
32,003,003218,2,1674,+36.201078,-115.289175
32,003,003218,3,923,+36.184001,-115.299623
32,003,003218,4,1556,+36.192367,-115.293382
32,003,003219,1,1930,+36.194069,-115.281149
32,003,003219,2,1506,+36.193803,-115.264005
32,003,003219,3,1253,+36.190488,-115.277060
32,003,003219,4,1448,+36.190469,-115.267731
32,003,003220,1,1031,+36.183067,-115.272545
32,003,003220,2,1422,+36.186007,-115.269523
32,003,003220,3,866,+36.182419,-115.264401
32,003,003220,4,1036,+36.185986,-115.263832
32,003,003220,5,986,+36.186828,-115.275871
32,003,003220,6,725,+36.183116,-115.276986
32,003,003222,1,1220,+36.189863,-115.320909
32,003,003222,2,1802,+36.179461,-115.323288
32,003,003222,3,1600,+36.184733,-115.318299
32,003,003223,1,1687,+36.179588,-115.302796
32,003,003223,2,1285,+36.172831,-115.316766
32,003,003226,1,1088,+36.166664,-115.301573
32,003,003226,2,1202,+36.160545,-115.302671
32,003,003227,1,2418,+36.165905,-115.330752
32,003,003227,2,1438,+36.164015,-115.319690
32,003,003228,1,1718,+36.300413,-115.299129
32,003,003228,2,847,+36.297572,-115.293875
32,003,003228,3,1119,+36.300625,-115.292562
32,003,003229,1,824,+36.314125,-115.306138
32,003,003229,2,1246,+36.308891,-115.301231
32,003,003230,1,2523,+36.303466,-115.309916
32,003,003230,2,504,+36.303733,-115.324281
32,003,003230,3,693,+36.304071,-115.330739
32,003,003230,4,1017,+36.303429,-115.317808
32,003,003230,5,1375,+36.301448,-115.303645
32,003,003231,1,872,+36.281560,-115.331038
32,003,003231,2,778,+36.294249,-115.331194
32,003,003231,3,1224,+36.292308,-115.323405
32,003,003231,4,528,+36.293300,-115.317242
32,003,003231,5,1054,+36.285204,-115.317901
32,003,003232,1,1502,+36.270652,-115.310942
32,003,003232,2,1800,+36.272049,-115.290194
32,003,003232,3,536,+36.255217,-115.304932
32,003,003232,4,1411,+36.255835,-115.287569
32,003,003233,1,1216,+36.282969,-115.297510
32,003,003233,2,1282,+36.290495,-115.304382
32,003,003233,3,1150,+36.289661,-115.299327
32,003,003234,1,1378,+36.286433,-115.292260
32,003,003234,2,998,+36.293561,-115.292902
32,003,003234,3,1314,+36.290014,-115.292744
32,003,003235,1,1534,+36.286334,-115.282143
32,003,003235,2,867,+36.281150,-115.275500
32,003,003236,1,1037,+36.266430,-115.276456
32,003,003236,2,1135,+36.266187,-115.264462
32,003,003237,1,3669,+36.240989,-115.327602
32,003,003238,1,2883,+36.233968,-115.320220
32,003,003238,2,1221,+36.222274,-115.329984
32,003,003238,3,1202,+36.228412,-115.329080
32,003,003239,1,1025,+36.221714,-115.323487
32,003,003239,2,1768,+36.224202,-115.318778
32,003,003239,3,497,+36.227219,-115.323778
32,003,003240,1,735,+36.242413,-115.303524
32,003,003240,2,1497,+36.227938,-115.302733
32,003,003240,3,1380,+36.231710,-115.303479
32,003,003241,1,1519,+36.222525,-115.310715
32,003,003241,2,1031,+36.223859,-115.302414
32,003,003241,3,1178,+36.220608,-115.301842
32,003,003242,1,805,+36.244779,-115.290151
32,003,003242,2,987,+36.236383,-115.290918
32,003,003243,1,1756,+36.229633,-115.293097
32,003,003243,2,1866,+36.228525,-115.283721
32,003,003243,3,1394,+36.232507,-115.282560
32,003,003244,1,2053,+36.222009,-115.293166
32,003,003244,2,1681,+36.223151,-115.288048
32,003,003245,1,1101,+36.228040,-115.276143
32,003,003245,2,1826,+36.230930,-115.273628
32,003,003245,3,2232,+36.230130,-115.266230
32,003,003246,1,1176,+36.222527,-115.276647
32,003,003246,2,1308,+36.222655,-115.271664
32,003,003246,3,1398,+36.222153,-115.265224
32,003,003247,1,972,+36.208166,-115.261866
32,003,003247,2,1054,+36.211075,-115.267152
32,003,003247,3,1602,+36.216474,-115.266017
32,003,003248,1,754,+36.209538,-115.277225
32,003,003248,2,938,+36.216463,-115.276602
32,003,003248,3,1210,+36.207858,-115.272223
32,003,003249,1,1707,+36.189526,-115.329047
32,003,003249,2,1699,+36.186554,-115.338633
32,003,003250,1,1419,+36.171979,-115.327936
32,003,003250,2,3575,+36.178938,-115.332516
32,003,003251,1,976,+36.201318,-115.315001
32,003,003251,2,1324,+36.196061,-115.319541
32,003,003252,1,1461,+36.192920,-115.310363
32,003,003252,2,1204,+36.197734,-115.305983
32,003,003252,3,1581,+36.202780,-115.303321
32,003,003253,1,1139,+36.170415,-115.278288
32,003,003253,2,1668,+36.168330,-115.273667
32,003,003253,3,735,+36.168210,-115.265059
32,003,003254,1,1862,+36.175778,-115.270500
32,003,003254,2,1509,+36.171949,-115.266608
32,003,003260,1,1826,+36.161261,-115.272842
32,003,003260,2,780,+36.164086,-115.262723
32,003,003260,3,848,+36.162884,-115.265875
32,003,003261,1,1267,+36.164551,-115.273431
32,003,003261,2,1222,+36.162039,-115.282004
32,003,003262,1,1646,+36.197865,-115.335823
32,003,003262,2,1151,+36.199553,-115.324851
32,003,003303,1,2402,+36.269908,-115.255658
32,003,003303,2,1364,+36.267915,-115.249724
32,003,003303,3,1003,+36.268486,-115.244386
32,003,003305,1,723,+36.251173,-115.237669
32,003,003305,2,1395,+36.257561,-115.245320
32,003,003305,3,1194,+36.258174,-115.229544
32,003,003305,4,1091,+36.258868,-115.238230
32,003,003305,5,974,+36.250717,-115.231601
32,003,003306,1,678,+36.256288,-115.224084
32,003,003306,2,1056,+36.254943,-115.219303
32,003,003306,3,952,+36.252525,-115.215364
32,003,003306,4,1332,+36.254616,-115.209063
32,003,003307,1,3613,+36.266944,-115.211780
32,003,003307,2,2629,+36.267827,-115.219749
32,003,003308,1,2911,+36.268932,-115.231646
32,003,003309,1,1326,+36.292869,-115.213542
32,003,003309,2,1603,+36.287338,-115.213265
32,003,003309,3,969,+36.279620,-115.217551
32,003,003310,1,2031,+36.299711,-115.232435
32,003,003310,2,1508,+36.309159,-115.251336
32,003,003310,3,1185,+36.282266,-115.231038
32,003,003311,1,1523,+36.300227,-115.213440
32,003,003311,2,1765,+36.296437,-115.214634
32,003,003312,1,2416,+36.314605,-115.222567
32,003,003312,2,1503,+36.305685,-115.219908
32,003,003313,1,1656,+36.313458,-115.210725
32,003,003313,2,1354,+36.306282,-115.210327
32,003,003314,1,1508,+36.321090,-115.216699
32,003,003314,2,1510,+36.328336,-115.263433
32,003,003314,3,1288,+36.313559,-115.271580
32,003,003314,4,2241,+36.317305,-115.252596
32,003,003315,1,2356,+36.311119,-115.290632
32,003,003315,2,1799,+36.311034,-115.283049
32,003,003316,1,2293,+36.326840,-115.295895
32,003,003316,2,822,+36.321246,-115.282439
32,003,003316,3,2479,+36.317732,-115.292096
32,003,003317,1,2171,+36.305830,-115.282959
32,003,003317,2,897,+36.305035,-115.288639
32,003,003318,1,5112,+36.299656,-115.274221
32,003,003319,1,3579,+36.303382,-115.264752
32,003,003319,2,1353,+36.292858,-115.265544
32,003,003319,3,797,+36.297331,-115.265448
32,003,003320,1,2792,+36.287509,-115.268946
32,003,003320,2,1471,+36.285383,-115.255183
32,003,003321,1,1597,+36.296069,-115.256211
32,003,003321,2,954,+36.295296,-115.246676
32,003,003408,1,2909,+36.236140,-115.253120
32,003,003408,2,1265,+36.244228,-115.250973
32,003,003408,3,709,+36.243665,-115.258433
32,003,003409,1,1833,+36.243582,-115.239487
32,003,003409,2,2041,+36.236817,-115.242967
32,003,003409,3,1235,+36.234642,-115.238996
32,003,003410,1,2249,+36.241593,-115.214628
32,003,003410,2,2770,+36.243368,-115.226176
32,003,003411,1,2258,+36.229024,-115.251776
32,003,003411,2,1779,+36.221862,-115.251109
32,003,003412,1,1120,+36.229946,-115.244706
32,003,003412,2,2006,+36.229052,-115.238592
32,003,003412,3,1294,+36.222993,-115.243035
32,003,003413,1,1803,+36.220092,-115.218411
32,003,003413,2,1805,+36.228757,-115.227605
32,003,003413,3,1393,+36.221138,-115.224877
32,003,003414,1,1287,+36.233966,-115.214454
32,003,003414,2,1125,+36.226576,-115.214160
32,003,003415,1,733,+36.214543,-115.244065
32,003,003415,2,1607,+36.207219,-115.243593
32,003,003415,3,1340,+36.205978,-115.240583
32,003,003415,4,1524,+36.207223,-115.236321
32,003,003415,5,1180,+36.206911,-115.230360
32,003,003416,1,785,+36.215287,-115.238659
32,003,003416,2,1269,+36.215139,-115.228946
32,003,003416,3,987,+36.212076,-115.236938
32,003,003418,1,933,+36.199943,-115.258394
32,003,003418,2,2159,+36.199347,-115.247404
32,003,003418,3,1029,+36.201511,-115.248872
32,003,003419,1,559,+36.201356,-115.239773
32,003,003419,2,1803,+36.199391,-115.235246
32,003,003419,3,1541,+36.201753,-115.231380
32,003,003419,4,1333,+36.200909,-115.225775
32,003,003419,5,1352,+36.197254,-115.229985
32,003,003420,1,986,+36.197172,-115.221598
32,003,003420,2,1689,+36.200979,-115.220125
32,003,003420,3,1405,+36.198624,-115.213807
32,003,003421,1,1047,+36.192112,-115.256189
32,003,003421,2,1086,+36.191426,-115.253062
32,003,003421,3,1168,+36.191859,-115.247041
32,003,003422,1,949,+36.193064,-115.240114
32,003,003422,2,1654,+36.191325,-115.235702
32,003,003422,3,1061,+36.194593,-115.227777
32,003,003422,4,946,+36.190086,-115.227821
32,003,003422,5,717,+36.192445,-115.229235
32,003,003423,1,1375,+36.193865,-115.221436
32,003,003423,2,1031,+36.189900,-115.220472
32,003,003423,3,1413,+36.191756,-115.211887
32,003,003423,4,1600,+36.184871,-115.222184
32,003,003423,5,801,+36.184570,-115.217549
32,003,003426,1,1271,+36.205725,-115.219895
32,003,003426,2,1869,+36.214611,-115.219142
32,003,003427,1,1867,+36.212809,-115.211708
32,003,003427,2,2041,+36.207991,-115.209564
32,003,003428,1,1919,+36.199560,-115.202509
32,003,003429,1,1188,+36.197087,-115.198593
32,003,003429,2,2100,+36.191190,-115.204123
32,003,003429,3,717,+36.191157,-115.201029
32,003,003429,4,1071,+36.191516,-115.194344
32,003,003430,1,1428,+36.193741,-115.173410
32,003,003430,2,1089,+36.191146,-115.175609
32,003,003431,1,964,+36.190481,-115.182324
32,003,003431,2,1466,+36.193018,-115.181700
32,003,003431,3,862,+36.193352,-115.186642
32,003,003500,1,1032,+36.200361,-115.155091
32,003,003500,2,1563,+36.197770,-115.160794
32,003,003607,1,4355,+36.255555,-115.161557
32,003,003607,2,1402,+36.250451,-115.168353
32,003,003607,3,1463,+36.249655,-115.162734
32,003,003609,1,823,+36.242887,-115.203344
32,003,003609,2,1458,+36.243399,-115.193214
32,003,003609,3,992,+36.235206,-115.202062
32,003,003609,4,1022,+36.234913,-115.195169
32,003,003610,1,1498,+36.242417,-115.184153
32,003,003610,2,1501,+36.243311,-115.175157
32,003,003610,3,1122,+36.235653,-115.185922
32,003,003610,4,1383,+36.235651,-115.175033
32,003,003612,1,1963,+36.228154,-115.202851
32,003,003612,2,2502,+36.225024,-115.193173
32,003,003612,3,2312,+36.220940,-115.203109
32,003,003613,1,1809,+36.228288,-115.184408
32,003,003613,2,2330,+36.226866,-115.175177
32,003,003613,3,2336,+36.220376,-115.184460
32,003,003615,1,1607,+36.243405,-115.129265
32,003,003615,2,1077,+36.243379,-115.123253
32,003,003616,1,557,+36.207675,-115.169915
32,003,003616,2,1186,+36.204742,-115.165597
32,003,003616,3,1626,+36.200375,-115.169806
32,003,003616,4,2061,+36.198614,-115.174280
32,003,003617,1,1837,+36.206955,-115.156045
32,003,003618,1,4162,+36.305159,-115.197648
32,003,003618,2,3348,+36.280005,-115.197870
32,003,003619,1,3006,+36.289271,-115.189787
32,003,003620,1,2437,+36.282031,-115.182533
32,003,003620,2,2582,+36.282650,-115.174281
32,003,003621,1,3002,+36.300701,-115.179487
32,003,003622,1,2501,+36.281619,-115.165271
32,003,003622,2,3251,+36.280461,-115.146612
32,003,003623,1,4746,+36.280456,-115.121585
32,003,003624,1,2750,+36.272422,-115.130257
32,003,003624,2,1142,+36.272618,-115.123516
32,003,003624,3,1836,+36.266226,-115.127125
32,003,003625,1,4470,+36.254552,-115.124980
32,003,003625,2,2257,+36.250289,-115.130175
32,003,003626,1,2171,+36.263862,-115.103733
32,003,003626,2,1618,+36.264125,-115.112625
32,003,003627,1,2093,+36.272605,-115.103002
32,003,003627,2,2350,+36.272304,-115.111530
32,003,003628,1,5095,+36.273770,-115.085776
32,003,003628,2,2746,+36.259121,-115.094310
32,003,003629,1,2758,+36.266305,-115.201234
32,003,003629,2,3031,+36.268632,-115.193035
32,003,003630,1,3867,+36.258035,-115.199358
32,003,003630,2,1137,+36.252284,-115.202667
32,003,003630,3,974,+36.248715,-115.201609
32,003,003631,1,1572,+36.272279,-115.183930
32,003,003631,2,1813,+36.265733,-115.184162
32,003,003632,1,997,+36.266127,-115.175040
32,003,003632,2,1833,+36.272915,-115.175311
32,003,003633,1,3707,+36.254514,-115.184807
32,003,003634,1,1667,+36.249345,-115.174766
32,003,003634,2,903,+36.259985,-115.174390
32,003,003634,3,1589,+36.253893,-115.175875
32,003,003635,1,1623,+36.273637,-115.168247
32,003,003635,2,1829,+36.263537,-115.164691
32,003,003635,3,789,+36.269944,-115.164093
32,003,003635,4,1336,+36.267304,-115.165807
32,003,003636,1,1549,+36.273851,-115.158207
32,003,003636,2,1065,+36.267364,-115.156259
32,003,003637,1,3361,+36.273165,-115.141995
32,003,003637,2,947,+36.271041,-115.148606
32,003,003638,1,3076,+36.266216,-115.144330
32,003,003639,1,2259,+36.258128,-115.148808
32,003,003639,2,1419,+36.258324,-115.140728
32,003,003640,1,2477,+36.249226,-115.147441
32,003,003640,2,1912,+36.234528,-115.159146
32,003,003641,1,1816,+36.247878,-115.140309
32,003,003641,2,3569,+36.235564,-115.144741
32,003,003642,1,3782,+36.227030,-115.146508
32,003,003643,1,2511,+36.228479,-115.157327
32,003,003643,2,2270,+36.228549,-115.166479
32,003,003644,1,2270,+36.222091,-115.166768
32,003,003644,2,2247,+36.221213,-115.156768
32,003,003700,1,2212,+36.205431,-115.147972
32,003,003700,2,1315,+36.200395,-115.144969
32,003,003800,1,1158,+36.200232,-115.132158
32,003,003800,2,597,+36.196134,-115.134358
32,003,003800,3,1334,+36.191337,-115.137054
32,003,003800,4,21,+36.194817,-115.130332
32,003,003800,5,1464,+36.200070,-115.127047
32,003,004000,1,1841,+36.190818,-115.119753
32,003,004000,2,1793,+36.191647,-115.127650
32,003,004100,1,1399,+36.193875,-115.111815
32,003,004100,2,1566,+36.193682,-115.102936
32,003,004100,3,1339,+36.190263,-115.112065
32,003,004100,4,1536,+36.190070,-115.102973
32,003,004200,1,1057,+36.200185,-115.104451
32,003,004200,2,793,+36.208939,-115.101017
32,003,004200,3,878,+36.200834,-115.100851
32,003,004200,4,1666,+36.204472,-115.101674
32,003,004200,5,915,+36.197087,-115.102816
32,003,004301,1,984,+36.205145,-115.108802
32,003,004301,2,938,+36.204447,-115.112364
32,003,004302,1,1826,+36.197744,-115.111570
32,003,004302,2,1095,+36.201392,-115.112479
32,003,004302,3,921,+36.201441,-115.108360
32,003,004302,4,333,+36.201144,-115.116095
32,003,004401,1,908,+36.208464,-115.113205
32,003,004401,2,924,+36.208692,-115.118420
32,003,004401,3,1228,+36.205333,-115.118412
32,003,004402,1,2094,+36.204816,-115.130611
32,003,004402,2,1666,+36.208414,-115.126753
32,003,004402,3,893,+36.205198,-115.123010
32,003,004500,1,1288,+36.212774,-115.123850
32,003,004500,2,1020,+36.214274,-115.114697
32,003,004500,3,1152,+36.212793,-115.110600
32,003,004500,4,1338,+36.213592,-115.118419
32,003,004601,1,2417,+36.220774,-115.117056
32,003,004601,2,750,+36.226615,-115.110901
32,003,004601,3,1580,+36.220512,-115.109544
32,003,004602,1,837,+36.222073,-115.101477
32,003,004602,2,2395,+36.215646,-115.102952
32,003,004703,1,2836,+36.233451,-115.074990
32,003,004703,2,2364,+36.237123,-115.067928
32,003,004707,1,2028,+36.198516,-115.096313
32,003,004707,2,1009,+36.199043,-115.088642
32,003,004709,1,1285,+36.190322,-115.073145
32,003,004709,2,1085,+36.191170,-115.064749
32,003,004709,3,835,+36.193940,-115.075211
32,003,004709,4,2038,+36.191244,-115.068768
32,003,004709,5,270,+36.190282,-115.077673
32,003,004710,1,1772,+36.193684,-115.093606
32,003,004710,2,2832,+36.192389,-115.084854
32,003,004710,3,1747,+36.189597,-115.095989
32,003,004712,1,839,+36.229918,-115.064438
32,003,004712,2,797,+36.228152,-115.068484
32,003,004712,3,1755,+36.223494,-115.069036
32,003,004712,4,1138,+36.221859,-115.064420
32,003,004712,5,835,+36.232264,-115.064344
32,003,004712,6,547,+36.223338,-115.075336
32,003,004713,1,765,+36.212451,-115.096088
32,003,004713,2,892,+36.216591,-115.085941
32,003,004713,3,1154,+36.216332,-115.092461
32,003,004713,4,1147,+36.212477,-115.091681
32,003,004714,1,3008,+36.222083,-115.093842
32,003,004714,2,3359,+36.229105,-115.093941
32,003,004715,1,2436,+36.235215,-115.093321
32,003,004715,2,3591,+36.236591,-115.084755
32,003,004716,1,1202,+36.228700,-115.087158
32,003,004716,2,2091,+36.229257,-115.082957
32,003,004717,1,1491,+36.207902,-115.094917
32,003,004717,2,1873,+36.205399,-115.087832
32,003,004907,1,2286,+36.166061,-115.040311
32,003,004907,2,1398,+36.166429,-115.030046
32,003,004910,1,1292,+36.155373,-115.045372
32,003,004910,2,1813,+36.148776,-115.045042
32,003,004911,1,2171,+36.138445,-115.060376
32,003,004911,2,2049,+36.141496,-115.053641
32,003,004912,1,1424,+36.148303,-115.050688
32,003,004912,2,2185,+36.155110,-115.050900
32,003,004912,3,2414,+36.156614,-115.057481
32,003,004914,1,1384,+36.178237,-115.057580
32,003,004914,2,1251,+36.177406,-115.046930
32,003,004915,1,1828,+36.185093,-115.053600
32,003,004915,2,1376,+36.184878,-115.046458
32,003,004916,1,825,+36.191724,-115.057322
32,003,004916,2,1725,+36.193034,-115.047193
32,003,004917,1,1787,+36.192744,-115.039166
32,003,004917,2,1327,+36.192387,-115.031321
32,003,004918,1,2415,+36.184659,-115.039030
32,003,004918,2,1689,+36.185194,-115.030184
32,003,004919,1,2418,+36.177739,-115.040054
32,003,004919,2,2172,+36.177724,-115.030511
32,003,004920,1,1175,+36.170867,-115.046530
32,003,004920,2,2569,+36.170185,-115.058228
32,003,004920,3,1461,+36.169966,-115.050720
32,003,004921,1,1542,+36.161186,-115.055957
32,003,004921,2,1875,+36.163956,-115.059232
32,003,004921,3,1300,+36.165233,-115.048821
32,003,004921,4,1443,+36.161363,-115.049350
32,003,004923,1,2013,+36.157306,-115.035449
32,003,004923,2,2326,+36.152636,-115.031868
32,003,004924,1,1405,+36.150667,-115.057413
32,003,004924,2,1719,+36.145445,-115.060866
32,003,004924,3,834,+36.151294,-115.062789
32,003,004925,1,2735,+36.146508,-115.037440
32,003,004925,2,1864,+36.155959,-115.041192
32,003,004925,3,1675,+36.150043,-115.039015
32,003,004926,1,2325,+36.141427,-115.041465
32,003,004926,2,1494,+36.142156,-115.032817
32,003,005005,1,316,+36.116792,-115.058217
32,003,005005,2,1877,+36.125940,-115.061196
32,003,005005,3,285,+36.116465,-115.061491
32,003,005005,4,1402,+36.120714,-115.061850
32,003,005006,1,473,+36.131508,-115.058520
32,003,005006,2,1856,+36.135169,-115.063086
32,003,005006,3,725,+36.133517,-115.053199
32,003,005006,4,777,+36.135220,-115.058529
32,003,005006,5,940,+36.131492,-115.063051
32,003,005007,1,1366,+36.127416,-115.052820
32,003,005007,2,1151,+36.120118,-115.052221
32,003,005010,1,1341,+36.094635,-115.050057
32,003,005010,2,2538,+36.088766,-115.047119
32,003,005010,3,1083,+36.098866,-115.051958
32,003,005011,1,2118,+36.097708,-115.057792
32,003,005011,2,1409,+36.092526,-115.060660
32,003,005012,1,1149,+36.102938,-115.043259
32,003,005012,2,1709,+36.104933,-115.038681
32,003,005013,1,1892,+36.128285,-115.031023
32,003,005013,2,1724,+36.124181,-115.035431
32,003,005014,1,1480,+36.109014,-115.053473
32,003,005014,2,1184,+36.112572,-115.056001
32,003,005014,3,2591,+36.103913,-115.049874
32,003,005015,1,2353,+36.118696,-115.042386
32,003,005015,2,1624,+36.118098,-115.035815
32,003,005016,1,5118,+36.098107,-115.033800
32,003,005017,1,4392,+36.090110,-115.026647
32,003,005101,1,1230,+36.076663,-115.054479
32,003,005101,2,1219,+36.066971,-115.048970
32,003,005101,3,1848,+36.074946,-115.063436
32,003,005101,4,955,+36.070971,-115.053155
32,003,005101,5,1442,+36.074172,-115.048312
32,003,005101,6,953,+36.080678,-115.050490
32,003,005102,1,1402,+36.069135,-115.087001
32,003,005102,2,1164,+36.060709,-115.089212
32,003,005102,3,1521,+36.056811,-115.089777
32,003,005102,4,591,+36.065201,-115.086299
32,003,005103,1,1775,+36.068454,-115.076794
32,003,005103,2,650,+36.063968,-115.073959
32,003,005103,3,791,+36.058340,-115.073013
32,003,005103,4,1801,+36.060513,-115.081859
32,003,005104,1,1025,+36.065375,-115.068176
32,003,005104,2,803,+36.059813,-115.060380
32,003,005104,3,1354,+36.060031,-115.065145
32,003,005105,1,6544,+36.073947,-115.036941
32,003,005105,2,1879,+36.053535,-115.008858
32,003,005106,1,2025,+36.054295,-115.079345
32,003,005106,2,931,+36.053176,-115.071594
32,003,005107,1,1622,+36.054073,-115.062129
32,003,005107,2,889,+36.050643,-115.065449
32,003,005107,3,1734,+36.047490,-115.058726
32,003,005108,1,1630,+36.053460,-115.053660
32,003,005108,2,1663,+36.048877,-115.049905
32,003,005109,1,2030,+36.051678,-115.039731
32,003,005109,2,1150,+36.047497,-115.041279
32,003,005109,3,2214,+36.047446,-115.031296
32,003,005109,4,1729,+36.043321,-115.039767
32,003,005200,1,1647,+36.034226,-114.988748
32,003,005200,2,1511,+36.031604,-114.981092
32,003,005200,3,750,+36.030680,-114.998231
32,003,005311,1,829,+36.047803,-115.115829
32,003,005311,2,1852,+36.044710,-115.113175
32,003,005312,1,1677,+36.050358,-115.103598
32,003,005312,2,1078,+36.045095,-115.105512
32,003,005313,1,1692,+36.052030,-115.095589
32,003,005313,2,1581,+36.051526,-115.086259
32,003,005313,3,1338,+36.046892,-115.089825
32,003,005313,4,1718,+36.043915,-115.092613
32,003,005314,1,1677,+36.048244,-115.076910
32,003,005314,2,995,+36.043398,-115.074296
32,003,005315,1,1571,+36.043673,-115.064718
32,003,005315,2,1233,+36.037639,-115.062547
32,003,005315,3,2255,+36.033841,-115.048514
32,003,005316,1,1176,+36.040470,-115.111364
32,003,005316,2,1131,+36.036685,-115.113881
32,003,005316,3,1785,+36.037726,-115.104195
32,003,005317,1,783,+36.040126,-115.094207
32,003,005317,2,1888,+36.032724,-115.092417
32,003,005317,3,778,+36.029046,-115.096073
32,003,005317,4,992,+36.038875,-115.084964
32,003,005317,5,594,+36.037612,-115.091390
32,003,005318,1,1912,+36.037426,-115.077681
32,003,005318,2,698,+36.031953,-115.076182
32,003,005318,3,589,+36.039250,-115.072919
32,003,005319,1,1981,+36.025474,-115.104579
32,003,005319,2,655,+36.031963,-115.116109
32,003,005320,1,683,+36.032622,-115.112048
32,003,005320,2,1077,+36.030557,-115.108277
32,003,005320,3,994,+36.030747,-115.102904
32,003,005321,1,1425,+36.030034,-115.082165
32,003,005321,2,842,+36.027022,-115.075849
32,003,005321,3,1301,+36.030797,-115.063372
32,003,005322,1,467,+36.017774,-115.110702
32,003,005322,2,852,+36.010910,-115.113511
32,003,005333,1,1547,+36.024044,-115.069969
32,003,005333,2,957,+36.020699,-115.072757
32,003,005335,1,1280,+36.022620,-114.998532
32,003,005335,2,890,+36.021386,-114.990852
32,003,005335,3,630,+36.017901,-114.984693
32,003,005335,4,983,+36.017934,-114.976087
32,003,005335,5,921,+36.026512,-114.998239
32,003,005336,1,705,+36.029223,-114.975559
32,003,005336,2,914,+36.025439,-114.970945
32,003,005336,3,1132,+36.020293,-114.966341
32,003,005336,4,1256,+36.016087,-114.959374
32,003,005337,1,1238,+36.015317,-115.077131
32,003,005337,2,1737,+36.017467,-115.067126
32,003,005338,1,584,+36.010011,-115.080171
32,003,005338,2,713,+36.008292,-115.074562
32,003,005338,3,674,+36.010287,-115.068449
32,003,005341,1,1160,+36.009287,-114.984113
32,003,005341,2,1197,+36.005905,-114.978974
32,003,005342,1,1211,+36.011084,-114.969341
32,003,005342,2,1027,+36.006521,-114.972010
32,003,005342,3,914,+36.002873,-114.971619
32,003,005343,1,3085,+36.005267,-114.951931
32,003,005343,2,1085,+36.006372,-114.960894
32,003,005346,1,2177,+35.996663,-115.115958
32,003,005346,2,2009,+35.995567,-115.106071
32,003,005347,1,1863,+35.972995,-115.118615
32,003,005347,2,3146,+35.983392,-115.126080
32,003,005348,1,1985,+35.979326,-115.122174
32,003,005348,2,2622,+35.987176,-115.110711
32,003,005349,1,1602,+36.008546,-115.105966
32,003,005349,2,2528,+36.012067,-115.097882
32,003,005350,1,2209,+36.014660,-115.087177
32,003,005350,2,1088,+36.008614,-115.090577
32,003,005351,1,2077,+36.002771,-115.089709
32,003,005351,2,2323,+35.999209,-115.098726
32,003,005352,1,1991,+36.019108,-115.059808
32,003,005352,2,1154,+36.023781,-115.051509
32,003,005353,1,1900,+36.028216,-115.037204
32,003,005353,2,1915,+36.023942,-115.041139
32,003,005354,1,1959,+36.028745,-115.018516
32,003,005354,2,3103,+36.026026,-115.020134
32,003,005355,1,1926,+36.001900,-115.070826
32,003,005355,2,1867,+35.990821,-115.091137
32,003,005355,3,1126,+35.990796,-115.098346
32,003,005356,1,903,+36.005847,-115.057921
32,003,005356,2,1439,+36.016136,-115.051903
32,003,005357,1,3816,+36.010287,-115.002362
32,003,005357,2,2395,+36.013880,-115.041332
32,003,005358,1,1031,+35.994212,-114.990721
32,003,005358,2,1990,+35.987735,-114.991335
32,003,005359,1,1730,+36.002594,-114.985351
32,003,005359,2,2525,+35.988494,-114.979465
32,003,005359,3,2722,+35.994462,-114.981952
32,003,005360,1,3308,+35.989909,-114.937145
32,003,005360,2,803,+35.996942,-114.953311
32,003,005421,1,769,+36.060036,-114.961644
32,003,005421,2,730,+36.055297,-114.962645
32,003,005421,3,1871,+36.051551,-114.963020
32,003,005422,1,991,+36.037102,-114.971081
32,003,005422,2,1643,+36.044573,-114.970091
32,003,005422,3,1510,+36.046956,-114.963303
32,003,005423,1,1633,+36.040377,-114.964445
32,003,005423,2,1507,+36.034879,-114.963554
32,003,005423,3,1214,+36.028342,-114.963238
32,003,005432,1,1786,+36.024231,-114.954081
32,003,005432,2,1893,+36.021487,-114.943811
32,003,005432,3,1907,+36.016665,-114.948110
32,003,005433,1,1329,+36.003625,-114.935046
32,003,005433,2,753,+36.009366,-114.927674
32,003,005433,3,1069,+36.009166,-114.936823
32,003,005433,4,796,+36.001844,-114.927497
32,003,005433,5,750,+36.010641,-114.940623
32,003,005434,1,2080,+36.045140,-114.954934
32,003,005434,2,2729,+36.036299,-114.951672
32,003,005435,1,1427,+36.058127,-114.950480
32,003,005435,2,1988,+35.994655,-114.926760
32,003,005436,1,2427,+36.076844,-114.974658
32,003,005436,2,2436,+36.080152,-115.022683
32,003,005436,3,1208,+36.073492,-115.014145
32,003,005436,4,1195,+36.078065,-115.014878
32,003,005437,1,2981,+36.091065,-114.938434
32,003,005438,1,1557,+36.047598,-114.981865
32,003,005438,2,1042,+36.056932,-114.996708
32,003,005439,1,1104,+36.064857,-114.996093
32,003,005439,2,1677,+36.064925,-115.003306
32,003,005439,3,1083,+36.060604,-114.999194
32,003,005501,1,530,+35.980653,-114.849605
32,003,005501,2,1404,+35.965958,-114.854743
32,003,005501,3,168,+35.980726,-114.881670
32,003,005501,4,2157,+35.994788,-114.834428
32,003,005502,1,1291,+35.983908,-114.824664
32,003,005502,2,1026,+35.976056,-114.825466
32,003,005502,3,992,+35.974143,-114.818766
32,003,005502,4,1002,+35.953382,-114.836951
32,003,005503,1,1058,+35.971664,-114.841750
32,003,005503,2,842,+35.975599,-114.833802
32,003,005503,3,1154,+35.971951,-114.828779
32,003,005504,1,1503,+35.965118,-114.832079
32,003,005504,2,865,+35.966568,-114.839200
32,003,005504,3,1026,+35.961715,-114.838284
32,003,005607,1,1184,+36.806577,-114.078258
32,003,005607,2,1193,+36.801351,-114.078908
32,003,005607,3,1385,+36.798195,-114.083684
32,003,005612,1,795,+36.537778,-114.441757
32,003,005612,2,693,+36.544006,-114.449037
32,003,005613,1,925,+36.559264,-114.457603
32,003,005613,2,826,+36.556464,-114.442139
32,003,005613,3,1302,+36.593553,-114.476905
32,003,005613,4,420,+36.373861,-114.548609
32,003,005613,5,1184,+36.615320,-114.485653
32,003,005614,1,1006,+36.798922,-114.091330
32,003,005614,2,839,+36.801462,-114.094990
32,003,005615,1,1645,+36.792363,-114.109827
32,003,005702,1,1902,+35.140455,-114.620148
32,003,005702,2,348,+35.151199,-114.589037
32,003,005702,3,976,+35.130646,-114.620726
32,003,005703,1,150,+35.748418,-115.284977
32,003,005703,2,574,+35.567473,-115.154804
32,003,005703,3,716,+35.378138,-114.890583
32,003,005704,1,2114,+35.136440,-114.625848
32,003,005705,1,1983,+35.131169,-114.646406
32,003,005705,2,223,+35.038910,-114.653802
32,003,005711,1,2578,+35.982342,-115.086296
32,003,005711,2,1770,+35.977291,-115.089734
32,003,005712,1,6252,+35.938719,-115.114885
32,003,005712,2,1449,+35.955327,-115.119067
32,003,005713,1,3968,+35.930423,-115.091667
32,003,005713,2,912,+35.940968,-115.098546
32,003,005714,1,842,+35.973480,-115.098327
32,003,005714,2,1135,+35.951542,-115.110241
32,003,005714,3,971,+35.965844,-115.104911
32,003,005714,4,1329,+35.961578,-115.110719
32,003,005714,5,1669,+35.946317,-115.104263
32,003,005715,1,789,+35.965871,-115.084672
32,003,005715,2,1146,+35.958285,-115.078469
32,003,005715,3,1302,+35.971120,-115.086295
32,003,005715,4,1054,+35.956906,-115.089114
32,003,005716,1,717,+35.947720,-115.091863
32,003,005716,2,1262,+35.945923,-115.088389
32,003,005716,3,1606,+35.945143,-115.082230
32,003,005803,1,1646,+36.156008,-115.306353
32,003,005803,2,1354,+36.149246,-115.313191
32,003,005803,3,776,+36.148244,-115.308893
32,003,005803,4,861,+36.155188,-115.312912
32,003,005804,1,1701,+36.157190,-115.295898
32,003,005804,2,549,+36.154751,-115.298142
32,003,005804,3,748,+36.151913,-115.303885
32,003,005804,4,1744,+36.147869,-115.301386
32,003,005805,1,915,+36.154769,-115.288135
32,003,005805,2,601,+36.154003,-115.284979
32,003,005805,3,1445,+36.147344,-115.290424
32,003,005806,1,773,+36.139907,-115.312598
32,003,005806,2,862,+36.136889,-115.308312
32,003,005806,3,990,+36.133328,-115.310422
32,003,005806,4,1414,+36.142947,-115.310699
32,003,005807,1,1670,+36.142730,-115.301984
32,003,005807,2,663,+36.138882,-115.301355
32,003,005807,3,986,+36.135264,-115.301557
32,003,005807,4,956,+36.131596,-115.302009
32,003,005808,1,936,+36.141256,-115.293599
32,003,005808,2,1047,+36.136487,-115.292757
32,003,005808,3,1402,+36.131043,-115.293126
32,003,005809,1,1611,+36.138417,-115.282868
32,003,005809,2,1510,+36.135260,-115.281080
32,003,005809,3,784,+36.131262,-115.284257
32,003,005811,1,1162,+36.128051,-115.310475
32,003,005811,2,2182,+36.126225,-115.302343
32,003,005811,3,911,+36.121707,-115.300746
32,003,005811,4,2130,+36.119204,-115.304963
32,003,005811,5,1661,+36.124777,-115.311558
32,003,005813,1,1910,+36.103738,-115.282192
32,003,005813,2,2109,+36.111275,-115.282316
32,003,005818,1,7,+36.479003,-115.798451
32,003,005818,2,983,+36.572076,-115.670923
32,003,005822,1,2005,+36.165049,-115.350809
32,003,005822,2,1873,+36.167343,-115.346999
32,003,005822,3,1313,+36.164994,-115.340964
32,003,005823,1,3475,+36.166740,-115.363631
32,003,005824,1,962,+36.177113,-115.351990
32,003,005824,2,1332,+36.174867,-115.346670
32,003,005824,3,1379,+36.175953,-115.341735
32,003,005825,1,1716,+36.126273,-115.294940
32,003,005825,2,2872,+36.128036,-115.287232
32,003,005825,3,1018,+36.123942,-115.285612
32,003,005826,1,1281,+36.120318,-115.292846
32,003,005826,2,1166,+36.116693,-115.291713
32,003,005826,3,1398,+36.119558,-115.283749
32,003,005827,1,4679,+35.973243,-115.331684
32,003,005827,2,1446,+35.826607,-115.653076
32,003,005828,1,6704,+36.005209,-115.290779
32,003,005829,1,6350,+36.016334,-115.288841
32,003,005830,1,3206,+36.016543,-115.269842
32,003,005831,1,3259,+36.004720,-115.252440
32,003,005832,1,2916,+35.989121,-115.250379
32,003,005833,1,5171,+36.010011,-115.221671
32,003,005834,1,3113,+36.020075,-115.196662
32,003,005835,1,2081,+35.993107,-115.216675
32,003,005835,2,1688,+35.996420,-115.215695
32,003,005836,1,1958,+35.989135,-115.208778
32,003,005836,2,1734,+35.987408,-115.218294
32,003,005837,1,2391,+35.990067,-115.193835
32,003,005837,2,1613,+35.995132,-115.198315
32,003,005838,1,1560,+35.982032,-115.184242
32,003,005838,2,2466,+35.992978,-115.186635
32,003,005838,3,1555,+35.987164,-115.187019
32,003,005839,1,1740,+35.973098,-115.194880
32,003,005839,2,1983,+35.989785,-115.227581
32,003,005840,1,8528,+36.033273,-115.296333
32,003,005841,1,2072,+36.138257,-115.343866
32,003,005841,2,2081,+36.153598,-115.344904
32,003,005842,1,698,+36.119414,-115.343161
32,003,005842,2,1094,+36.123299,-115.333961
32,003,005843,1,965,+36.153478,-115.320175
32,003,005843,2,1767,+36.146144,-115.321129
32,003,005844,1,1816,+36.140184,-115.323275
32,003,005844,2,2422,+36.139534,-115.330820
32,003,005844,3,2224,+36.129777,-115.330149
32,003,005845,1,1111,+36.141067,-115.317134
32,003,005845,2,1455,+36.125702,-115.319402
32,003,005845,3,1626,+36.132451,-115.319225
32,003,005846,1,1614,+36.107699,-115.324277
32,003,005846,2,843,+36.110707,-115.317707
32,003,005846,3,2115,+36.092208,-115.320894
32,003,005847,1,1675,+36.104230,-115.310795
32,003,005848,1,2392,+36.108959,-115.302694
32,003,005848,2,1799,+36.102865,-115.301825
32,003,005849,1,2024,+36.111168,-115.292532
32,003,005849,2,1393,+36.104471,-115.291347
32,003,005850,1,1650,+36.095827,-115.310521
32,003,005850,2,2400,+36.088800,-115.311206
32,003,005851,1,2724,+36.094978,-115.297933
32,003,005851,2,2720,+36.088874,-115.302015
32,003,005852,1,1286,+36.082061,-115.309775
32,003,005852,2,3183,+36.072736,-115.311176
32,003,005853,1,2604,+36.073683,-115.302462
32,003,005853,2,2959,+36.066811,-115.302073
32,003,005853,3,2194,+36.081748,-115.302224
32,003,005854,1,1658,+36.069304,-115.291690
32,003,005854,2,3681,+36.057748,-115.283150
32,003,005854,3,2649,+36.058623,-115.293033
32,003,005855,1,1318,+36.048376,-115.285206
32,003,005855,2,4162,+36.050491,-115.292205
32,003,005856,1,3264,+36.040013,-115.286002
32,003,005902,1,1173,+36.675146,-114.675065
32,003,005902,2,260,+36.677515,-114.654401
32,003,005903,1,2151,+36.819866,-114.076478
32,003,005904,1,1738,+36.821433,-114.110249
32,003,005905,1,2484,+36.825311,-114.056515
32,003,006001,1,800,+36.256999,-115.076160
32,003,006001,2,1626,+36.243758,-115.068523
32,003,006001,3,248,+36.242956,-115.059915
32,003,006001,4,1560,+36.243456,-115.054881
32,003,006001,5,55,+36.247994,-115.050863
32,003,006103,1,1329,+36.195663,-115.015611
32,003,006103,2,1584,+36.193353,-115.022054
32,003,006104,1,2213,+36.155376,-115.004063
32,003,006104,2,1186,+36.160762,-115.023205
32,003,006201,1,2633,+36.199707,-115.059076
32,003,006201,2,1441,+36.200679,-115.048428
32,003,006202,1,1570,+36.199389,-115.039525
32,003,006202,2,2201,+36.199342,-115.031588
32,003,006203,1,1857,+36.206963,-115.033763
32,003,006203,2,883,+36.204836,-115.039505
32,003,006204,1,3272,+36.212275,-115.033137
32,003,006204,2,1418,+36.206324,-115.028799
32,003,006700,1,170,+36.114626,-115.169427
32,003,006700,2,0,+36.120769,-115.161817
32,003,006700,3,529,+36.116764,-115.161605
32,003,006700,4,20,+36.117026,-115.156401
32,003,006800,1,1015,+36.098206,-115.139429
32,003,006800,2,1101,+36.095428,-115.138708
32,003,006800,3,1343,+36.095198,-115.144211
32,003,006800,4,1084,+36.092076,-115.152406
32,003,006900,1,589,+36.083479,-115.106426
32,003,006900,2,1056,+36.082289,-115.096781
32,003,007100,1,852,+36.202497,-115.072052
32,003,007100,2,1370,+36.201300,-115.076256
32,003,007100,3,908,+36.197656,-115.075154
32,003,007200,1,1071,+36.179958,-115.019704
32,003,007200,2,570,+36.200589,-115.014812
32,003,007200,3,1186,+36.198741,-115.024386
32,003,007200,4,1521,+36.199770,-115.019932
32,003,007500,1,6314,+36.441775,-115.512649
32,003,007600,1,713,+36.804931,-114.060632
32,003,007600,2,1248,+36.599597,-114.464340
32,003,007600,3,1349,+36.769147,-114.123455
32,003,007600,4,937,+36.808784,-114.059863
32,003,007800,1,128,+36.272024,-114.992807
32,003,007800,2,847,+36.241885,-115.045711
32,003,007800,3,1782,+36.234929,-115.056737
32,005,001000,1,1575,+38.906896,-119.735901
32,005,001000,2,1173,+38.904181,-119.725722
32,005,001100,1,2474,+38.884535,-119.732947
32,005,001100,2,1899,+38.890826,-119.733301
32,005,001100,3,1025,+38.895060,-119.737644
32,005,001200,1,2970,+38.902962,-119.751873
32,005,001300,1,1631,+38.910741,-119.824011
32,005,001300,2,94,+38.923890,-119.760158
32,005,001400,1,948,+38.963420,-119.765250
32,005,001400,2,2027,+38.957091,-119.776016
32,005,001500,1,4077,+38.938820,-119.735548
32,005,001500,2,1579,+38.940211,-119.753379
32,005,001600,1,565,+39.003242,-119.945540
32,005,001600,2,1026,+39.044625,-119.943729
32,005,001700,1,759,+38.990606,-119.931167
32,005,001700,2,842,+38.970959,-119.943056
32,005,001800,1,1230,+38.970908,-119.923490
32,005,001800,2,922,+38.977800,-119.892981
32,005,001900,1,1343,+39.035356,-119.826346
32,005,002000,1,916,+39.099669,-119.785964
32,005,002000,2,2438,+39.087511,-119.781505
32,005,002100,1,1962,+39.089473,-119.769536
32,005,002200,1,1263,+39.051639,-119.734611
32,005,002200,2,1889,+39.035626,-119.717055
32,005,002200,3,2818,+39.041384,-119.747820
32,005,002200,4,687,+39.013421,-119.713931
32,005,002300,1,954,+38.947745,-119.672077
32,005,002300,2,1228,+38.933080,-119.689051
32,005,002300,3,1433,+38.890603,-119.679992
32,005,002400,1,1553,+38.829877,-119.641626
32,005,002500,1,1697,+38.733777,-119.515935
32,005,990000,0,0,+39.049695,-119.975373
32,007,950200,1,1145,+40.969157,-115.046817
32,007,950200,2,882,+41.108532,-114.967409
32,007,950701,1,1670,+40.833722,-115.800466
32,007,950701,2,1952,+40.842771,-115.790882
32,007,950701,3,1720,+40.848149,-115.789044
32,007,950702,1,2051,+40.947128,-115.662716
32,007,950702,2,1368,+40.868926,-115.742984
32,007,950702,3,1256,+40.867747,-115.787410
32,007,950702,4,736,+40.849930,-115.769390
32,007,950800,1,914,+40.841699,-115.763711
32,007,950800,2,685,+40.836643,-115.761952
32,007,950900,1,1016,+40.836078,-115.773056
32,007,950900,2,1327,+40.832266,-115.780604
32,007,951000,1,860,+40.831923,-115.769018
32,007,951000,2,625,+40.826701,-115.766128
32,007,951201,1,2442,+40.707034,-115.551125
32,007,951201,2,1743,+40.725510,-115.617620
32,007,951202,1,845,+40.653278,-115.732077
32,007,951202,2,953,+40.794118,-115.727348
32,007,951202,3,1824,+40.820554,-115.763298
32,007,951300,1,1681,+40.832294,-115.747438
32,007,951300,2,1186,+40.833532,-115.752757
32,007,951401,1,1569,+40.857323,-115.696172
32,007,951401,2,1274,+40.801302,-115.666653
32,007,951401,3,1395,+40.812749,-115.670892
32,007,951402,1,1240,+40.797287,-115.649773
32,007,951402,2,2739,+40.741570,-115.600628
32,007,951402,3,1873,+40.750557,-115.533125
32,007,951500,1,1363,+40.733152,-114.075777
32,007,951500,2,761,+40.736734,-114.051003
32,007,951500,3,1259,+40.853155,-114.135430
32,007,951500,4,1399,+40.735555,-114.077869
32,007,951600,1,1103,+40.718747,-116.098827
32,007,951600,2,1293,+40.714568,-116.114926
32,007,951700,1,953,+41.962801,-116.127002
32,007,951700,2,496,+41.573616,-115.758484
32,007,951700,3,1220,+41.980864,-114.663867
32,009,950100,1,476,+37.702515,-117.955854
32,009,950100,2,307,+37.718552,-117.246474
32,011,000100,1,948,+40.196118,-116.337583
32,011,000100,2,1039,+39.566512,-115.976009
32,013,010500,1,1099,+41.749726,-117.703925
32,013,010500,2,1385,+40.905755,-117.783371
32,013,010500,3,1343,+41.169845,-117.962666
32,013,010500,4,1627,+40.921775,-117.793446
32,013,010500,5,662,+40.969857,-117.736569
32,013,010600,1,1081,+40.991201,-117.606410
32,013,010600,2,1197,+41.149309,-117.678323
32,013,010701,1,705,+40.963411,-117.718860
32,013,010701,2,1477,+40.957711,-117.731860
32,013,010701,3,963,+40.973411,-117.724492
32,013,010701,4,1443,+40.966363,-117.727712
32,013,010702,1,1494,+40.903831,-117.754891
32,013,010702,2,1087,+40.955850,-117.707541
32,013,010702,3,965,+40.974525,-117.709157
32,015,000300,1,1154,+40.643907,-116.944402
32,015,000300,2,1042,+40.607044,-116.846539
32,015,000300,3,1158,+40.079358,-117.026145
32,015,000300,4,1058,+40.634464,-116.956510
32,015,000300,5,1363,+40.637925,-116.934770
32,017,950100,1,1537,+37.946981,-114.433420
32,017,950100,2,1147,+37.792360,-114.381208
32,017,950200,1,1398,+37.404535,-115.207122
32,017,950200,2,1263,+37.601557,-114.514281
32,019,960101,1,1452,+39.579416,-119.235621
32,019,960101,2,793,+39.603442,-119.262307
32,019,960101,3,6977,+39.592272,-119.188016
32,019,960101,4,1431,+39.582904,-119.202641
32,019,960102,1,3509,+39.594092,-119.234735
32,019,960102,2,3634,+39.601797,-119.241616
32,019,960103,1,6,+39.653545,-119.169247
32,019,960103,2,1710,+39.610564,-119.239416
32,019,960201,1,2402,+39.378775,-119.286745
32,019,960201,2,1819,+39.369653,-119.382452
32,019,960202,1,1085,+39.324199,-119.215841
32,019,960202,2,2330,+39.381860,-119.214149
32,019,960301,1,790,+39.232830,-119.666517
32,019,960301,2,979,+39.211102,-119.668132
32,019,960302,1,4816,+39.293307,-119.547925
32,019,960302,2,1865,+39.263834,-119.588549
32,019,960302,3,2840,+39.282742,-119.533164
32,019,960303,1,3986,+39.248912,-119.554816
32,019,960800,1,931,+38.962580,-119.206659
32,019,960800,2,1197,+38.823596,-119.370134
32,019,960800,3,921,+38.963221,-119.173601
32,019,960800,4,560,+38.911607,-119.154985
32,019,960800,5,479,+38.746308,-119.307313
32,019,960900,1,1411,+38.983441,-119.168614
32,019,960900,2,951,+39.031639,-119.103934
32,019,960900,3,1896,+38.988992,-119.135778
32,019,960900,4,1210,+39.061716,-119.204011
32,021,970700,1,1165,+38.518949,-118.620882
32,021,970700,2,1489,+38.525366,-118.631978
32,021,970700,3,781,+38.528865,-118.620344
32,021,970800,1,1337,+38.759737,-118.672522
32,023,960100,1,956,+38.809736,-117.459091
32,023,960100,2,1374,+38.717138,-116.890438
32,023,960200,1,1634,+38.083058,-117.219118
32,023,960200,2,911,+38.067059,-117.227267
32,023,960300,1,1883,+36.608511,-116.538695
32,023,960300,2,605,+36.929431,-116.772589
32,023,960401,1,879,+36.195048,-115.950156
32,023,960401,2,2496,+36.298041,-116.027688
32,023,960401,3,2783,+36.277006,-116.037286
32,023,960402,1,2177,+36.212926,-116.025414
32,023,960402,2,1526,+36.227024,-116.031907
32,023,960402,3,1489,+36.250911,-116.032305
32,023,960403,1,1017,+36.212038,-116.091366
32,023,960403,2,2589,+36.211346,-116.078962
32,023,960403,3,1799,+36.228918,-116.058567
32,023,960404,1,2649,+36.185793,-116.013058
32,023,960404,2,2059,+36.179386,-116.036441
32,023,960404,3,2814,+36.196057,-115.994453
32,023,960405,1,2469,+36.140641,-115.987573
32,023,960405,2,1460,+36.125183,-115.968539
32,023,960406,1,1875,+36.105800,-115.937168
32,023,960406,2,6502,+36.153038,-115.944892
32,023,980500,1,0,+37.312404,-116.430732
32,027,960100,1,1651,+40.721292,-117.872425
32,027,960100,2,2366,+40.211610,-118.411856
32,027,960100,3,709,+40.370362,-118.351876
32,027,960100,4,945,+40.185142,-118.476618
32,027,960100,5,1082,+40.175770,-118.480618
32,029,970200,1,1123,+39.514586,-119.628225
32,029,970200,2,1932,+39.356937,-119.609458
32,029,970200,3,955,+39.307714,-119.649023
32,031,000101,1,895,+39.524949,-119.815243
32,031,000101,2,646,+39.529813,-119.821282
32,031,000101,3,1073,+39.527475,-119.819328
32,031,000101,4,622,+39.524098,-119.821630
32,031,000102,1,1234,+39.534312,-119.798075
32,031,000102,2,1354,+39.533407,-119.811258
32,031,000102,3,1357,+39.526873,-119.808505
32,031,000201,1,1716,+39.509697,-119.793997
32,031,000201,2,1554,+39.510398,-119.800575
32,031,000202,1,673,+39.526427,-119.804794
32,031,000202,2,772,+39.516307,-119.805257
32,031,000202,3,1058,+39.520740,-119.806181
32,031,000300,1,1088,+39.515816,-119.810335
32,031,000300,2,903,+39.509530,-119.809702
32,031,000300,3,722,+39.509713,-119.814836
32,031,000300,4,885,+39.516709,-119.814781
32,031,000400,1,935,+39.517847,-119.820518
32,031,000400,2,1056,+39.511937,-119.821346
32,031,000400,3,915,+39.508356,-119.827169
32,031,000400,4,1022,+39.512084,-119.832719
32,031,000400,5,1059,+39.518605,-119.831680
32,031,000700,1,1822,+39.522058,-119.797289
32,031,000700,2,1512,+39.516794,-119.794075
32,031,000700,3,1034,+39.516716,-119.800898
32,031,000700,4,1321,+39.526940,-119.797642
32,031,000900,1,1988,+39.502780,-119.793638
32,031,000900,2,2784,+39.498563,-119.793290
32,031,001005,1,1585,+39.485711,-119.802159
32,031,001005,2,1443,+39.479207,-119.801772
32,031,001008,1,1108,+39.493663,-119.800251
32,031,001008,2,1963,+39.493053,-119.804226
32,031,001008,3,1491,+39.493048,-119.810470
32,031,001009,1,1655,+39.499059,-119.804839
32,031,001009,2,922,+39.496713,-119.810578
32,031,001010,1,2038,+39.397064,-119.774713
32,031,001010,2,634,+39.403512,-119.760050
32,031,001011,1,1914,+39.412116,-119.776639
32,031,001011,2,1812,+39.425316,-119.772513
32,031,001012,1,1717,+39.464022,-119.795902
32,031,001012,2,1659,+39.445591,-119.783896
32,031,001013,1,1657,+39.403355,-119.801181
32,031,001013,2,2010,+39.425036,-119.806425
32,031,001013,3,1100,+39.461361,-119.814945
32,031,001013,4,1439,+39.410829,-119.821104
32,031,001014,1,783,+39.472956,-119.811431
32,031,001014,2,1555,+39.471073,-119.824881
32,031,001015,1,1283,+39.491160,-119.818892
32,031,001015,2,716,+39.502715,-119.811453
32,031,001015,3,1010,+39.482847,-119.833341
32,031,001015,4,1456,+39.478947,-119.823768
32,031,001101,1,1513,+39.515386,-119.841540
32,031,001101,2,1200,+39.509018,-119.843065
32,031,001103,1,1321,+39.500576,-119.873512
32,031,001103,2,921,+39.508637,-119.865291
32,031,001103,3,1765,+39.482214,-119.857354
32,031,001103,4,1282,+39.493666,-119.873205
32,031,001104,1,1429,+39.483168,-119.843293
32,031,001104,2,1021,+39.502832,-119.825150
32,031,001104,3,778,+39.490790,-119.832090
32,031,001104,4,1009,+39.495199,-119.836421
32,031,001105,1,1250,+39.506991,-119.852496
32,031,001105,2,1058,+39.490030,-119.853131
32,031,001105,3,1454,+39.498911,-119.848704
32,031,001201,1,510,+39.517491,-119.846958
32,031,001201,2,1297,+39.517213,-119.870324
32,031,001201,3,660,+39.516677,-119.854812
32,031,001202,1,1383,+39.523257,-119.854222
32,031,001202,2,1093,+39.522570,-119.828225
32,031,001202,3,478,+39.525011,-119.836549
32,031,001202,4,1540,+39.521641,-119.854951
32,031,001300,1,2054,+39.533367,-119.841863
32,031,001300,2,1684,+39.531713,-119.835373
32,031,001400,1,1451,+39.534899,-119.825811
32,031,001400,2,1551,+39.538122,-119.821174
32,031,001501,1,1576,+39.559292,-119.799585
32,031,001501,2,868,+39.559919,-119.812222
32,031,001501,3,754,+39.557073,-119.818043
32,031,001501,4,1246,+39.552594,-119.802685
32,031,001502,1,1088,+39.542682,-119.810264
32,031,001502,2,1598,+39.547783,-119.801856
32,031,001502,3,612,+39.543527,-119.818144
32,031,001502,4,2157,+39.538725,-119.817285
32,031,001502,5,1067,+39.542497,-119.804688
32,031,001701,1,1993,+39.553001,-119.794918
32,031,001701,2,1135,+39.547814,-119.793802
32,031,001702,1,2094,+39.562098,-119.783176
32,031,001702,2,1562,+39.549993,-119.779523
32,031,001702,3,1227,+39.549761,-119.785176
32,031,001801,1,874,+39.539249,-119.791292
32,031,001801,2,1677,+39.540680,-119.796651
32,031,001801,3,1227,+39.543640,-119.791035
32,031,001802,1,1499,+39.541303,-119.780481
32,031,001802,2,1604,+39.541174,-119.784601
32,031,001901,1,1572,+39.542764,-119.774669
32,031,001901,2,1630,+39.537755,-119.775440
32,031,001901,3,1404,+39.538077,-119.769113
32,031,001902,1,1372,+39.543934,-119.767074
32,031,001902,2,1300,+39.541590,-119.762154
32,031,001902,3,1314,+39.537564,-119.758638
32,031,001902,4,796,+39.542262,-119.755725
32,031,002103,1,1329,+39.484795,-119.713220
32,031,002103,2,1330,+39.500585,-119.734103
32,031,002104,1,886,+39.478144,-119.747931
32,031,002104,2,1154,+39.490412,-119.723602
32,031,002104,3,1073,+39.474943,-119.751761
32,031,002105,1,829,+39.491835,-119.752007
32,031,002105,2,1095,+39.488044,-119.741227
32,031,002105,3,2367,+39.483428,-119.745546
32,031,002106,1,908,+39.487853,-119.752948
32,031,002106,2,1117,+39.483057,-119.752374
32,031,002106,3,1291,+39.482375,-119.757913
32,031,002107,1,491,+39.526048,-119.784953
32,031,002107,2,1130,+39.511004,-119.786079
32,031,002204,1,1845,+39.481324,-119.783748
32,031,002204,2,1672,+39.479245,-119.778412
32,031,002204,3,1002,+39.470034,-119.780597
32,031,002205,1,1402,+39.450247,-119.772049
32,031,002205,2,1770,+39.457676,-119.769333
32,031,002205,3,1646,+39.452786,-119.768886
32,031,002206,1,2290,+39.443838,-119.739421
32,031,002206,2,4110,+39.444658,-119.747397
32,031,002207,1,1291,+39.428619,-119.740569
32,031,002207,2,1377,+39.431523,-119.741760
32,031,002207,3,1020,+39.408086,-119.737677
32,031,002208,1,1767,+39.434635,-119.753323
32,031,002208,2,828,+39.438851,-119.745521
32,031,002209,1,2483,+39.423924,-119.722532
32,031,002209,2,3568,+39.408694,-119.729159
32,031,002210,1,2137,+39.407040,-119.718315
32,031,002211,1,2019,+39.485900,-119.789553
32,031,002211,2,1726,+39.498902,-119.785654
32,031,002212,1,1133,+39.486237,-119.782108
32,031,002212,2,1312,+39.490305,-119.782788
32,031,002212,3,689,+39.485526,-119.778202
32,031,002212,4,1122,+39.492142,-119.779480
32,031,002301,1,658,+39.517750,-119.926122
32,031,002301,2,658,+39.517920,-119.939000
32,031,002301,3,1358,+39.539102,-119.928166
32,031,002301,4,1991,+39.530243,-119.938509
32,031,002302,1,890,+39.507109,-119.917887
32,031,002302,2,1337,+39.518638,-119.984831
32,031,002401,1,1478,+39.545470,-119.856947
32,031,002401,2,1967,+39.541982,-119.848508
32,031,002406,1,1776,+39.538022,-119.858766
32,031,002406,2,1468,+39.533231,-119.852674
32,031,002406,3,1554,+39.530321,-119.856346
32,031,002407,1,934,+39.539524,-119.868584
32,031,002407,2,1256,+39.539962,-119.881131
32,031,002407,3,1748,+39.534212,-119.874163
32,031,002408,1,1828,+39.532037,-119.890624
32,031,002408,2,1199,+39.537960,-119.887651
32,031,002409,1,4382,+39.533454,-119.905464
32,031,002410,1,1143,+39.524113,-119.886551
32,031,002410,2,1017,+39.517509,-119.893939
32,031,002410,3,1800,+39.521685,-119.893439
32,031,002411,1,946,+39.523049,-119.879784
32,031,002411,2,1588,+39.521587,-119.872256
32,031,002411,3,1203,+39.530057,-119.869294
32,031,002412,1,802,+39.545237,-119.876248
32,031,002412,2,1795,+39.547959,-119.879329
32,031,002500,1,1756,+39.543428,-119.838751
32,031,002500,2,1807,+39.541588,-119.828731
32,031,002500,3,1446,+39.559529,-119.831188
32,031,002603,1,1424,+39.665466,-119.916447
32,031,002610,1,1601,+39.631993,-119.893821
32,031,002610,2,2407,+39.630110,-119.910047
32,031,002610,3,1235,+39.630441,-119.903258
32,031,002611,1,2223,+39.652153,-119.878272
32,031,002611,2,1231,+39.644956,-119.843147
32,031,002611,3,2016,+39.638198,-119.853958
32,031,002612,1,1073,+39.681096,-119.960260
32,031,002612,2,879,+39.666362,-119.988278
32,031,002612,3,796,+39.674331,-119.967577
32,031,002612,4,1045,+39.682135,-119.972148
32,031,002613,1,1138,+39.695028,-119.992193
32,031,002613,2,1465,+39.690879,-119.972784
32,031,002613,3,1000,+39.695908,-119.965273
32,031,002613,4,1570,+39.686018,-119.965009
32,031,002614,1,3498,+39.623606,-119.886013
32,031,002615,1,1769,+39.632211,-119.871591
32,031,002615,2,1673,+39.630889,-119.865720
32,031,002616,1,1529,+39.640332,-119.875794
32,031,002616,2,1461,+39.628034,-119.878965
32,031,002616,3,1285,+39.636707,-119.879138
32,031,002617,1,977,+39.568077,-119.812568
32,031,002617,2,2682,+39.577814,-119.821370
32,031,002617,3,2802,+39.596339,-119.817623
32,031,002618,1,1027,+39.652754,-119.823572
32,031,002618,2,1289,+39.686627,-119.849146
32,031,002618,3,861,+39.681433,-119.833897
32,031,002618,4,1403,+39.630193,-119.836857
32,031,002618,5,1029,+39.612355,-119.824924
32,031,002619,1,2488,+39.592711,-119.841124
32,031,002619,2,1371,+39.604971,-119.849097
32,031,002619,3,730,+39.607996,-119.876705
32,031,002619,4,1188,+39.571589,-119.830878
32,031,002703,1,1516,+39.582628,-119.784288
32,031,002703,2,1251,+39.567321,-119.791377
32,031,002704,1,1920,+39.584333,-119.772875
32,031,002704,2,1348,+39.566282,-119.780294
32,031,002704,3,1448,+39.574300,-119.775930
32,031,002705,1,1767,+39.617570,-119.766249
32,031,002705,2,1555,+39.607234,-119.783357
32,031,002705,3,1286,+39.594315,-119.785814
32,031,002706,1,1554,+39.610137,-119.766062
32,031,002706,2,1745,+39.603806,-119.763332
32,031,002706,3,1629,+39.605551,-119.775107
32,031,002707,1,1310,+39.598003,-119.756615
32,031,002707,2,1544,+39.594648,-119.766194
32,031,002707,3,1774,+39.595025,-119.775719
32,031,002801,1,1132,+39.560279,-119.761798
32,031,002801,2,1427,+39.554587,-119.762121
32,031,002801,3,1809,+39.551738,-119.773324
32,031,002802,1,1084,+39.546935,-119.757750
32,031,002802,2,2097,+39.547973,-119.767397
32,031,002802,3,1020,+39.551446,-119.765531
32,031,002802,4,1057,+39.550412,-119.757133
32,031,002901,1,1308,+39.559639,-119.743902
32,031,002901,2,1199,+39.559474,-119.737116
32,031,002901,3,1045,+39.560932,-119.748649
32,031,002902,1,1148,+39.552161,-119.750478
32,031,002902,2,994,+39.554511,-119.744273
32,031,002902,3,1012,+39.549697,-119.744152
32,031,002902,4,1202,+39.551705,-119.737435
32,031,003000,1,726,+39.544222,-119.750469
32,031,003000,2,1236,+39.544968,-119.739179
32,031,003000,3,2343,+39.538449,-119.738745
32,031,003000,4,782,+39.544746,-119.745840
32,031,003000,5,800,+39.537283,-119.745650
32,031,003000,6,766,+39.537799,-119.750344
32,031,003101,1,1545,+39.538565,-119.717477
32,031,003101,2,1372,+39.538759,-119.720925
32,031,003101,3,426,+39.522959,-119.756133
32,031,003101,4,1052,+39.539868,-119.729294
32,031,003105,1,1153,+39.564181,-119.730225
32,031,003105,2,991,+39.559294,-119.726816
32,031,003106,1,1006,+39.554118,-119.730030
32,031,003106,2,1310,+39.544338,-119.719676
32,031,003106,3,943,+39.549189,-119.730480
32,031,003106,4,978,+39.544256,-119.730367
32,031,003106,5,1510,+39.551428,-119.724306
32,031,003106,6,1444,+39.547591,-119.721482
32,031,003108,1,1345,+39.563435,-119.712075
32,031,003108,2,1957,+39.560124,-119.713533
32,031,003109,1,1396,+39.546303,-119.700447
32,031,003109,2,1515,+39.554213,-119.699912
32,031,003110,1,1660,+39.545910,-119.708866
32,031,003110,2,1591,+39.555414,-119.709774
32,031,003110,3,652,+39.554186,-119.718887
32,031,003110,4,1195,+39.548810,-119.713910
32,031,003202,1,1221,+39.279212,-119.772128
32,031,003202,2,1154,+39.385896,-119.723399
32,031,003202,3,740,+39.358041,-119.746293
32,031,003202,4,1140,+39.300251,-119.772563
32,031,003202,5,1415,+39.386554,-119.733930
32,031,003203,1,1826,+39.374171,-119.780373
32,031,003203,2,2723,+39.366133,-119.822910
32,031,003204,1,1106,+39.303342,-119.791711
32,031,003204,2,1416,+39.294676,-119.841505
32,031,003305,1,1247,+39.254105,-119.959063
32,031,003306,1,993,+39.248491,-119.958930
32,031,003306,2,737,+39.245415,-119.957805
32,031,003307,1,608,+39.244433,-119.943027
32,031,003307,2,623,+39.239053,-119.935499
32,031,003308,1,877,+39.256562,-119.980721
32,031,003308,2,1084,+39.268725,-119.958498
32,031,003308,3,372,+39.236895,-120.000849
32,031,003309,1,690,+39.264098,-119.949023
32,031,003309,2,760,+39.263164,-119.933260
32,031,003309,3,460,+39.243864,-119.925460
32,031,003309,4,636,+39.254049,-119.945181
32,031,003501,1,571,+40.621334,-119.439692
32,031,003501,2,2521,+39.793191,-119.839174
32,031,003501,3,1113,+39.728956,-119.553195
32,031,003503,1,932,+39.607523,-119.738288
32,031,003503,2,2132,+39.642525,-119.730572
32,031,003503,3,1353,+39.632618,-119.724275
32,031,003504,1,1693,+39.667427,-119.716301
32,031,003504,2,1994,+39.655392,-119.724522
32,031,003504,3,2366,+39.674711,-119.722500
32,031,003504,4,1302,+39.649359,-119.711271
32,031,003507,1,2048,+39.579108,-119.712894
32,031,003507,2,2162,+39.573482,-119.705161
32,031,003508,1,1326,+39.580818,-119.729482
32,031,003508,2,1388,+39.581305,-119.720778
32,031,003509,1,1055,+39.600813,-119.720344
32,031,003509,2,1294,+39.618441,-119.706828
32,031,003509,3,1146,+39.591620,-119.719109
32,031,003509,4,730,+39.595408,-119.726805
32,031,003510,1,1133,+39.590906,-119.731282
32,031,003510,2,1233,+39.589071,-119.736883
32,031,003510,3,1165,+39.598881,-119.733482
32,031,003511,1,1637,+39.617292,-119.692273
32,031,003511,2,1473,+39.617499,-119.681685
32,031,003511,3,2097,+39.630525,-119.684824
32,031,003512,1,2210,+39.587663,-119.701186
32,031,003512,2,2148,+39.601702,-119.691866
32,031,003513,1,1230,+39.574014,-119.692013
32,031,003513,2,1435,+39.563311,-119.697846
32,031,003514,1,1684,+39.650809,-119.686627
32,031,003514,2,1168,+39.643598,-119.698367
32,031,003515,1,914,+39.627968,-119.670850
32,031,003515,2,2030,+39.618781,-119.664003
32,031,003515,3,2245,+39.616189,-119.673681
32,031,003515,4,844,+39.677800,-119.668890
32,031,940200,1,1650,+39.737814,-119.357971
32,031,980000,1,217,+39.510309,-119.753000
32,031,980100,1,0,+39.670732,-119.882085
32,031,980200,1,0,+39.591908,-119.923514
32,031,980300,1,8,+39.299925,-119.989631
32,031,990000,0,0,+39.203615,-119.968443
32,031,990100,0,0,+40.045510,-119.565206
32,033,970100,1,689,+39.335243,-114.552793
32,033,970100,2,1193,+39.400930,-114.778532
32,033,970200,1,1645,+39.251277,-114.860323
32,033,970200,2,1519,+39.241581,-114.880305
32,033,970200,3,766,+39.137178,-114.888815
32,033,970200,4,1989,+39.286379,-114.979380
32,033,970300,1,672,+39.256431,-114.867798
32,033,970300,2,634,+39.255392,-114.879094
32,033,970300,3,923,+39.262243,-114.886126
32,510,000100,1,1104,+39.166437,-119.770920
32,510,000100,2,797,+39.161634,-119.775582
32,510,000100,3,1133,+39.156943,-119.773015
32,510,000200,1,1627,+39.183323,-119.774757
32,510,000200,2,1039,+39.177687,-119.772487
32,510,000200,3,860,+39.172669,-119.773026
32,510,000300,1,1454,+39.182886,-119.812243
32,510,000300,2,528,+39.135702,-119.782208
32,510,000300,3,1824,+39.179678,-119.787411
32,510,000400,1,1334,+39.207539,-119.759022
32,510,000400,2,838,+39.195642,-119.762901
32,510,000400,3,1639,+39.193533,-119.770923
32,510,000501,1,3193,+39.182167,-119.753797
32,510,000501,2,719,+39.188730,-119.768860
32,510,000501,3,1267,+39.188057,-119.762778
32,510,000501,4,923,+39.183071,-119.762977
32,510,000502,1,705,+39.175799,-119.764794
32,510,000502,2,1019,+39.173712,-119.758934
32,510,000502,3,1416,+39.176180,-119.747611
32,510,000600,1,1517,+39.165116,-119.757321
32,510,000600,2,989,+39.163830,-119.753093
32,510,000600,3,1641,+39.160472,-119.738092
32,510,000600,4,2235,+39.156721,-119.756130
32,510,000701,1,1039,+39.144636,-119.754901
32,510,000701,2,1363,+39.144348,-119.749205
32,510,000701,3,1499,+39.145621,-119.762463
32,510,000702,1,1127,+39.137019,-119.765968
32,510,000702,2,1365,+39.137975,-119.759778
32,510,000702,3,977,+39.137542,-119.750344
32,510,000800,1,1290,+39.128153,-119.760019
32,510,000800,2,714,+39.112290,-119.760976
32,510,000800,3,2777,+39.110086,-119.740589
32,510,000900,1,940,+39.188433,-119.737901
32,510,000900,2,1733,+39.186447,-119.723006
32,510,000900,3,1584,+39.181819,-119.737840
32,510,000900,4,921,+39.181416,-119.729889
32,510,001001,1,1347,+39.169856,-119.726926
32,510,001001,2,1664,+39.172979,-119.734408
32,510,001001,3,1376,+39.174992,-119.727207
32,510,001002,1,1428,+39.156418,-119.713392
32,510,001002,2,1348,+39.171935,-119.719640
32,510,001002,3,981,+39.178563,-119.718857
32,510,990000,0,0,+39.141257,-119.974147
