STATEFP,COUNTYFP,TRACTCE,BLKGRPCE,POPULATION,LATITUDE,LONGITUDE
28,001,000100,1,3513,+31.559389,-091.227133
28,001,000100,2,1579,+31.547832,-091.312404
28,001,000100,3,1396,+31.496341,-091.349010
28,001,000100,4,1114,+31.430349,-091.300402
28,001,000200,1,1353,+31.637865,-091.320640
28,001,000200,2,1127,+31.602343,-091.358387
28,001,000200,3,1646,+31.589979,-091.359100
28,001,000300,1,1000,+31.568342,-091.391638
28,001,000300,2,607,+31.573949,-091.383088
28,001,000300,3,480,+31.569820,-091.380630
28,001,000400,1,1032,+31.559501,-091.388766
28,001,000400,2,910,+31.562746,-091.378233
28,001,000400,3,1266,+31.566340,-091.365706
28,001,000500,1,710,+31.567505,-091.355821
28,001,000500,2,846,+31.577246,-091.351337
28,001,000500,3,745,+31.584815,-091.328778
28,001,000500,4,635,+31.569884,-091.345564
28,001,000500,5,671,+31.566716,-091.325157
28,001,000600,1,634,+31.549631,-091.376024
28,001,000600,2,1021,+31.547873,-091.384122
28,001,000600,3,556,+31.551777,-091.393928
28,001,000700,1,650,+31.565058,-091.398452
28,001,000700,2,1133,+31.554351,-091.402165
28,001,000800,1,947,+31.537607,-091.410438
28,001,000800,2,569,+31.501990,-091.415264
28,001,000800,3,1389,+31.470128,-091.399672
28,001,000800,4,551,+31.390011,-091.410244
28,001,000900,1,1080,+31.520316,-091.382177
28,001,000900,2,1339,+31.529095,-091.394813
28,001,000900,3,849,+31.539685,-091.371478
28,001,000900,4,949,+31.531766,-091.376106
28,003,950100,1,1568,+34.979779,-088.437948
28,003,950100,2,993,+34.945478,-088.468979
28,003,950100,3,1766,+34.932314,-088.430534
28,003,950100,4,1279,+34.921142,-088.462467
28,003,950200,1,1639,+34.966924,-088.491963
28,003,950200,2,1140,+34.962097,-088.511672
28,003,950200,3,670,+34.949234,-088.507196
28,003,950200,4,839,+34.937170,-088.512527
28,003,950200,5,1325,+34.941513,-088.501526
28,003,950200,6,1298,+34.930749,-088.496917
28,003,950300,1,1551,+34.964145,-088.562530
28,003,950300,2,1045,+34.944165,-088.540922
28,003,950300,3,1047,+34.940062,-088.518734
28,003,950400,1,1584,+34.895359,-088.619665
28,003,950400,2,790,+34.958600,-088.627172
28,003,950400,3,1490,+34.951145,-088.761496
28,003,950400,4,1695,+34.894715,-088.715243
28,003,950500,1,1074,+34.928940,-088.516368
28,003,950500,2,738,+34.923740,-088.509704
28,003,950500,3,2428,+34.888851,-088.500666
28,003,950500,4,1502,+34.903844,-088.560627
28,003,950500,5,844,+34.922388,-088.531574
28,003,950600,1,1792,+34.896159,-088.417145
28,003,950600,2,2685,+34.824565,-088.433975
28,003,950700,1,1324,+34.790825,-088.526330
28,003,950700,2,1662,+34.837412,-088.629415
28,003,950700,3,1289,+34.783343,-088.627479
28,005,950100,1,661,+31.286035,-090.591832
28,005,950100,2,1045,+31.287206,-090.677363
28,005,950100,3,1165,+31.250238,-090.779258
28,005,950100,4,658,+31.158339,-090.801118
28,005,950100,5,961,+31.192480,-090.643414
28,005,950200,1,947,+31.242160,-090.864055
28,005,950200,2,957,+31.193298,-091.014889
28,005,950200,3,1286,+31.253846,-090.982713
28,005,950200,4,442,+31.198681,-091.029061
28,005,950300,1,846,+31.123727,-090.600112
28,005,950300,2,739,+31.105814,-090.809197
28,005,950300,3,1011,+31.048561,-090.635663
28,005,950300,4,969,+31.138124,-090.955575
28,005,950300,5,1444,+31.068951,-090.970374
28,007,060100,1,1472,+33.181463,-089.403856
28,007,060100,2,1513,+33.114457,-089.490984
28,007,060200,1,1500,+33.187576,-089.656581
28,007,060200,2,1119,+33.097678,-089.639272
28,007,060300,1,1250,+33.008937,-089.649803
28,007,060300,2,1041,+33.036854,-089.764706
28,007,060300,3,1130,+32.969763,-089.769357
28,007,060400,1,733,+32.987041,-089.399997
28,007,060400,2,1584,+33.023897,-089.543884
28,007,060400,3,681,+32.965739,-089.535046
28,007,060500,1,743,+33.044335,-089.585848
28,007,060500,2,792,+33.061098,-089.582482
28,007,060500,3,1425,+33.064193,-089.572063
28,007,060500,4,895,+33.052900,-089.584181
28,007,060600,1,1111,+33.053872,-089.607860
28,007,060600,2,737,+33.053520,-089.594819
28,007,060600,3,1838,+33.068019,-089.597434
28,009,950100,1,958,+34.964057,-089.127256
28,009,950100,2,1910,+34.912407,-089.285908
28,009,950100,3,694,+34.890055,-089.125130
28,009,950100,4,1516,+34.817840,-089.169398
28,009,950100,5,984,+34.825851,-089.242899
28,009,950200,1,931,+34.699259,-089.216417
28,009,950200,2,1736,+34.624418,-089.190233
28,011,950100,1,1518,+34.007749,-090.747171
28,011,950100,2,1592,+33.945102,-090.764763
28,011,950100,3,695,+33.971061,-090.915515
28,011,950200,1,1206,+33.813758,-090.917460
28,011,950200,2,1164,+33.854819,-091.018164
28,011,950200,3,740,+33.854194,-091.028028
28,011,950300,1,527,+33.904342,-090.736314
28,011,950300,2,1028,+33.880767,-090.722823
28,011,950300,3,884,+33.875231,-090.731745
28,011,950300,4,729,+33.846126,-090.742649
28,011,950400,1,957,+33.729030,-090.851871
28,011,950400,2,676,+33.651810,-091.011742
28,011,950400,3,576,+33.590648,-091.052830
28,011,950400,4,1697,+33.586457,-090.784236
28,011,950400,5,803,+33.606355,-090.770501
28,011,950500,1,1924,+33.782965,-090.731824
28,011,950500,2,1814,+33.713220,-090.750913
28,011,950500,3,1440,+33.711164,-090.696482
28,011,950600,1,999,+33.755211,-090.737607
28,011,950600,2,1391,+33.739639,-090.748175
28,011,950600,3,1532,+33.732723,-090.734651
28,011,950600,4,1205,+33.742867,-090.728886
28,011,950600,5,1505,+33.743666,-090.737889
28,011,950701,1,1404,+33.755739,-090.719082
28,011,950701,2,1300,+33.742945,-090.711147
28,011,950701,3,1511,+33.736432,-090.703989
28,011,950702,1,1888,+33.727199,-090.721945
28,011,950702,2,1440,+33.737145,-090.717698
28,013,950100,1,1491,+34.015945,-089.259762
28,013,950100,2,1217,+34.103591,-089.350033
28,013,950100,3,1390,+34.022111,-089.400407
28,013,950200,1,1071,+33.991901,-089.339694
28,013,950200,2,653,+33.991354,-089.348036
28,013,950300,1,1188,+33.937184,-089.351861
28,013,950300,2,1075,+33.854350,-089.382372
28,013,950300,3,863,+33.766661,-089.363953
28,013,950400,1,1385,+33.881794,-089.176736
28,013,950400,2,1238,+33.904749,-089.217679
28,013,950400,3,627,+33.817290,-089.213869
28,013,950500,1,1062,+33.859375,-089.289092
28,013,950500,2,1081,+33.860563,-089.309762
28,013,950500,3,621,+33.858017,-089.318633
28,015,950100,1,1463,+33.581759,-089.855707
28,015,950100,2,858,+33.630760,-090.016500
28,015,950100,3,1503,+33.521093,-090.003889
28,015,950100,4,1114,+33.516864,-089.918230
28,015,950200,1,1099,+33.418657,-089.873855
28,015,950200,2,1557,+33.396706,-090.070611
28,015,950200,3,1100,+33.337587,-089.945088
28,015,950200,4,898,+33.330237,-089.745884
28,015,950200,5,1005,+33.358786,-089.736201
28,017,950100,1,1286,+34.034924,-088.800979
28,017,950100,2,609,+34.008352,-088.759509
28,017,950100,3,927,+33.993390,-088.747515
28,017,950100,4,1288,+34.007261,-088.744357
28,017,950200,1,909,+34.037118,-089.022326
28,017,950200,2,2608,+33.998705,-089.031145
28,017,950300,1,965,+33.908489,-088.998533
28,017,950300,2,674,+33.909707,-089.011978
28,017,950300,3,1194,+33.894070,-088.991490
28,017,950300,4,1392,+33.886528,-089.010269
28,017,950400,1,1208,+33.865830,-089.044505
28,017,950400,2,990,+33.793280,-089.075449
28,017,950400,3,875,+33.808724,-088.961129
28,017,950400,4,1457,+33.876721,-088.872273
28,017,950400,5,1010,+33.886154,-088.760905
28,019,950100,1,954,+33.472814,-089.129917
28,019,950100,2,676,+33.482368,-089.228686
28,019,950100,3,1131,+33.403675,-089.307640
28,019,950200,1,751,+33.307731,-089.394479
28,019,950200,2,1183,+33.315815,-089.266205
28,019,950200,3,1083,+33.302743,-089.167701
28,019,950200,4,1184,+33.223736,-089.273942
28,019,950300,1,960,+33.315496,-089.172154
28,019,950300,2,625,+33.304482,-089.176727
28,021,950100,1,1119,+32.012380,-090.792340
28,021,950100,2,1200,+31.986668,-090.914335
28,021,950100,3,1011,+31.976481,-090.972099
28,021,950200,1,830,+31.959963,-090.984212
28,021,950200,2,633,+31.947516,-090.980443
28,021,950300,1,1124,+31.876505,-091.141724
28,021,950300,2,1463,+31.930007,-091.003120
28,021,950300,3,1324,+31.880813,-090.949745
28,021,950300,4,900,+31.862545,-090.834325
28,023,950100,1,943,+32.203115,-088.601634
28,023,950100,2,1387,+32.108843,-088.600921
28,023,950100,3,589,+31.979584,-088.538636
28,023,950100,4,762,+32.025992,-088.645626
28,023,950100,5,678,+31.913680,-088.594813
28,023,950200,1,2078,+32.085036,-088.787133
28,023,950200,2,1069,+32.191405,-088.744236
28,023,950200,3,1356,+32.181687,-088.841064
28,023,950200,4,1466,+32.140942,-088.794262
28,023,950300,1,1065,+31.990811,-088.863849
28,023,950300,2,1478,+31.956463,-088.756017
28,023,950300,3,489,+31.861183,-088.702099
28,023,950300,4,515,+31.869991,-088.852679
28,023,950400,1,1260,+32.053338,-088.729493
28,023,950400,2,827,+32.048764,-088.707090
28,023,950400,3,770,+32.032920,-088.716509
28,025,950100,1,1353,+33.767364,-088.781255
28,025,950100,2,1011,+33.630406,-088.795495
28,025,950100,3,1304,+33.607464,-088.707879
28,025,950100,4,1913,+33.631280,-088.678773
28,025,950200,1,1452,+33.706170,-088.940509
28,025,950200,2,1085,+33.601595,-088.929985
28,025,950300,1,731,+33.599204,-088.656726
28,025,950300,2,594,+33.600811,-088.648938
28,025,950300,3,1061,+33.611441,-088.651383
28,025,950300,4,1246,+33.620678,-088.651652
28,025,950400,1,703,+33.614009,-088.641399
28,025,950400,2,940,+33.612365,-088.634091
28,025,950400,3,1312,+33.596047,-088.642535
28,025,950400,4,1669,+33.600014,-088.636143
28,025,950500,1,1168,+33.645433,-088.592314
28,025,950500,2,1277,+33.556438,-088.627323
28,025,950500,3,1815,+33.585231,-088.560998
28,027,950100,1,1503,+34.364063,-090.630182
28,027,950100,2,767,+34.322892,-090.454663
28,027,950100,3,1193,+34.340780,-090.477693
28,027,950100,4,621,+34.439512,-090.494128
28,027,950200,1,1963,+34.207257,-090.602095
28,027,950200,2,709,+34.187331,-090.751589
28,027,950300,1,1498,+34.140433,-090.558842
28,027,950300,2,841,+34.180426,-090.517050
28,027,950300,3,928,+34.242576,-090.512143
28,027,950400,1,654,+34.204658,-090.560265
28,027,950400,2,518,+34.208128,-090.568818
28,027,950400,3,1347,+34.208673,-090.580836
28,027,950400,4,1577,+34.207028,-090.598045
28,027,950500,1,1286,+34.200324,-090.583446
28,027,950500,2,1430,+34.199765,-090.593590
28,027,950500,3,911,+34.200338,-090.602873
28,027,950500,4,1707,+34.193364,-090.585815
28,027,950600,1,697,+34.196989,-090.569415
28,027,950600,2,504,+34.188117,-090.566233
28,027,950700,1,1194,+34.203413,-090.548878
28,027,950700,2,923,+34.200259,-090.556066
28,027,950700,3,809,+34.199125,-090.561223
28,027,950700,4,598,+34.193053,-090.557511
28,027,950700,5,1973,+34.189570,-090.554655
28,029,950100,1,1107,+31.995425,-090.343147
28,029,950100,2,1067,+31.994973,-090.356496
28,029,950100,3,891,+31.981354,-090.367589
28,029,950100,4,1665,+31.974532,-090.358914
28,029,950100,5,1176,+31.981695,-090.342719
28,029,950200,1,1296,+31.993810,-090.261691
28,029,950200,2,823,+32.026926,-090.320734
28,029,950200,3,916,+31.934300,-090.370467
28,029,950200,4,1328,+31.928031,-090.288503
28,029,950200,5,561,+31.877875,-090.171230
28,029,950300,1,1335,+32.016554,-090.401826
28,029,950300,2,1328,+31.980479,-090.600454
28,029,950300,3,1491,+31.929003,-090.425326
28,029,950400,1,920,+31.872361,-090.387218
28,029,950400,2,910,+31.876139,-090.400496
28,029,950400,3,1208,+31.854167,-090.402789
28,029,950400,4,1293,+31.859707,-090.384512
28,029,950400,5,741,+31.852564,-090.390945
28,029,950500,1,1117,+31.776794,-090.230044
28,029,950500,2,1669,+31.849830,-090.339197
28,029,950500,3,956,+31.743930,-090.350052
28,029,950500,4,2345,+31.705274,-090.394514
28,029,950600,1,1825,+31.810384,-090.426403
28,029,950600,2,1481,+31.756949,-090.562767
28,031,950100,1,2092,+31.744174,-089.465152
28,031,950100,2,1251,+31.742174,-089.545623
28,031,950100,3,1744,+31.652491,-089.485012
28,031,950200,1,1521,+31.642072,-089.567591
28,031,950200,2,700,+31.637005,-089.550380
28,031,950300,1,1705,+31.685722,-089.613927
28,031,950300,2,974,+31.757344,-089.656596
28,031,950300,3,987,+31.736096,-089.703962
28,031,950300,4,1035,+31.648488,-089.704265
28,031,950400,1,1722,+31.580710,-089.472435
28,031,950400,2,2133,+31.594975,-089.582760
28,031,950400,3,1887,+31.508188,-089.543496
28,031,950400,4,1817,+31.494301,-089.437861
28,033,070101,1,1384,+34.897868,-090.145571
28,033,070101,2,1735,+34.967214,-090.148879
28,033,070102,1,1480,+34.950257,-090.122829
28,033,070102,2,2744,+34.970802,-090.112701
28,033,070210,1,6453,+34.969722,-090.077900
28,033,070221,1,1584,+34.903307,-090.074063
28,033,070221,2,1599,+34.943119,-090.083051
28,033,070221,3,680,+34.944611,-090.092765
28,033,070222,1,3848,+34.920175,-090.015897
28,033,070310,1,1423,+34.943619,-090.009573
28,033,070310,2,2293,+34.938870,-090.002216
28,033,070322,1,1856,+34.941545,-090.038684
28,033,070322,2,1866,+34.947484,-090.021660
28,033,070323,1,3489,+34.967908,-090.051942
28,033,070323,2,1873,+34.966068,-090.039431
28,033,070324,1,1205,+34.951988,-090.047315
28,033,070324,2,2112,+34.952508,-090.054475
28,033,070324,3,1517,+34.959545,-090.053744
28,033,070325,1,1711,+34.956120,-090.042934
28,033,070325,2,1206,+34.956713,-090.037108
28,033,070411,1,1539,+34.991444,-090.014786
28,033,070412,1,2471,+34.970750,-090.010469
28,033,070412,2,1310,+34.982116,-090.011428
28,033,070412,3,711,+34.983974,-090.005254
28,033,070421,1,1579,+34.982212,-090.033193
28,033,070421,2,1171,+34.983246,-090.021367
28,033,070422,1,1101,+34.972858,-090.027564
28,033,070422,2,1511,+34.974456,-090.020562
28,033,070520,1,6534,+34.974266,-089.954782
28,033,070520,2,2958,+34.976323,-089.916030
28,033,070521,1,2204,+34.983754,-089.978932
28,033,070521,2,1643,+34.980377,-089.996065
28,033,070522,1,1835,+34.971141,-089.984068
28,033,070522,2,1057,+34.974712,-089.995842
28,033,070522,3,1539,+34.970545,-089.976190
28,033,070610,1,3001,+34.942331,-089.989296
28,033,070620,1,7131,+34.947478,-089.942301
28,033,070630,1,3974,+34.908022,-089.919344
28,033,070630,2,6105,+34.912462,-089.956130
28,033,070710,1,2465,+34.953817,-089.865611
28,033,070710,2,3869,+34.971904,-089.875736
28,033,070721,1,1644,+34.927206,-089.854477
28,033,070721,2,2395,+34.925703,-089.809010
28,033,070722,1,2952,+34.898204,-089.853932
28,033,070722,2,1645,+34.901825,-089.812970
28,033,070811,1,2080,+34.980969,-089.845796
28,033,070811,2,3398,+34.987895,-089.821972
28,033,070812,1,2805,+34.970018,-089.818768
28,033,070812,2,2304,+34.969359,-089.803582
28,033,070821,1,2409,+34.942583,-089.816244
28,033,070821,2,2261,+34.953373,-089.824803
28,033,070822,1,2179,+34.957854,-089.812604
28,033,070822,2,2835,+34.952972,-089.802151
28,033,070830,1,5505,+34.948792,-089.756882
28,033,070900,1,1423,+34.809028,-089.847128
28,033,070900,2,3099,+34.835054,-089.759950
28,033,071000,1,1670,+34.854325,-089.914986
28,033,071000,2,2012,+34.801489,-089.955848
28,033,071000,3,5323,+34.840971,-089.966843
28,033,071110,1,2294,+34.841139,-090.010376
28,033,071110,2,4132,+34.846998,-089.991526
28,033,071120,1,2864,+34.810420,-089.989399
28,033,071120,2,1514,+34.742840,-090.015641
28,033,071120,3,1566,+34.808034,-090.042840
28,033,071200,1,1368,+34.849117,-090.157309
28,033,071200,2,1809,+34.808744,-090.170545
28,035,000200,1,681,+31.319512,-089.289511
28,035,000200,2,771,+31.319718,-089.301056
28,035,000200,3,1092,+31.320593,-089.309651
28,035,000300,1,1086,+31.329229,-089.302334
28,035,000300,2,1154,+31.328902,-089.316007
28,035,000300,3,754,+31.328761,-089.324723
28,035,000500,1,1438,+31.319618,-089.281726
28,035,000600,1,635,+31.314118,-089.289095
28,035,000600,2,1587,+31.313109,-089.297345
28,035,000600,3,3632,+31.296707,-089.302295
28,035,000600,4,842,+31.305244,-089.306798
28,035,000600,5,956,+31.308504,-089.290817
28,035,000700,1,1106,+31.320763,-089.322398
28,035,000700,2,1123,+31.314402,-089.321875
28,035,000700,3,983,+31.305594,-089.326032
28,035,000800,1,867,+31.321273,-089.335377
28,035,000800,2,781,+31.319091,-089.342471
28,035,000800,3,1836,+31.309251,-089.337678
28,035,000800,4,2029,+31.295131,-089.335564
28,035,000900,1,1110,+31.334238,-089.336660
28,035,000900,2,1332,+31.328849,-089.330911
28,035,000900,3,883,+31.328009,-089.340523
28,035,001000,1,745,+31.338569,-089.331975
28,035,001000,2,2065,+31.343469,-089.342606
28,035,001000,3,1534,+31.330770,-089.345832
28,035,001100,1,1176,+31.345869,-089.327033
28,035,001100,2,2395,+31.335157,-089.316700
28,035,010101,1,3300,+31.325068,-089.205517
28,035,010101,2,2322,+31.307735,-089.170126
28,035,010102,1,1778,+31.402571,-089.259390
28,035,010102,2,2092,+31.375009,-089.173418
28,035,010102,3,2283,+31.396007,-089.206210
28,035,010200,1,2215,+31.375935,-089.308819
28,035,010200,2,1115,+31.404478,-089.342541
28,035,010200,3,592,+31.413218,-089.383618
28,035,010200,4,2257,+31.373759,-089.387079
28,035,010300,1,875,+31.352157,-089.267288
28,035,010300,2,1681,+31.363628,-089.249315
28,035,010300,3,954,+31.354500,-089.243975
28,035,010400,1,1467,+31.326183,-089.249618
28,035,010400,2,1141,+31.342142,-089.250782
28,035,010400,3,1590,+31.339475,-089.264467
28,035,010500,1,523,+31.286827,-089.259922
28,035,010500,2,1573,+31.256858,-089.315063
28,035,010500,3,2136,+31.283616,-089.280522
28,035,010600,1,890,+31.203076,-089.237290
28,035,010600,2,1794,+30.989754,-089.276157
28,035,010600,3,1746,+31.169526,-089.313055
28,035,010600,4,1393,+31.053310,-089.186254
28,035,010600,5,2183,+31.162385,-089.266523
28,035,010700,1,1102,+31.329310,-089.290815
28,035,010700,2,879,+31.339605,-089.296020
28,035,010700,3,460,+31.337022,-089.286185
28,037,950100,1,1018,+31.541474,-090.743526
28,037,950100,2,696,+31.472452,-090.694209
28,037,950100,3,1452,+31.386927,-090.766642
28,037,950100,4,987,+31.466314,-090.889526
28,037,950100,5,1240,+31.464195,-090.842362
28,037,950200,1,969,+31.446975,-091.031690
28,037,950200,2,706,+31.500173,-091.068963
28,037,950200,3,1050,+31.550116,-091.004858
28,039,950101,1,1709,+30.872440,-088.545151
28,039,950101,2,2021,+30.792620,-088.463568
28,039,950101,3,2053,+30.794213,-088.540450
28,039,950102,1,3286,+30.934281,-088.494208
28,039,950102,2,1289,+30.951132,-088.582640
28,039,950200,1,1388,+30.921838,-088.600872
28,039,950200,2,1385,+30.920289,-088.587701
28,039,950301,1,1772,+30.776364,-088.604337
28,039,950301,2,1999,+30.872993,-088.636727
28,039,950301,3,932,+30.845156,-088.797401
28,039,950301,4,1747,+30.798307,-088.687391
28,039,950302,1,1270,+30.907621,-088.656148
28,039,950302,2,1727,+30.941262,-088.732120
28,041,950100,1,1347,+31.394147,-088.511290
28,041,950100,2,1037,+31.405981,-088.779763
28,041,950100,3,1893,+31.289696,-088.743091
28,041,950100,4,3815,+31.180876,-088.590651
28,041,950200,1,1055,+31.151445,-088.558588
28,041,950200,2,2081,+31.067683,-088.495161
28,041,950200,3,1297,+31.040852,-088.691708
28,041,950200,4,1300,+31.136411,-088.668184
28,041,950200,5,575,+31.101053,-088.824239
28,043,950100,1,1365,+33.768916,-089.574679
28,043,950100,2,1932,+33.786110,-089.732102
28,043,950100,3,2475,+33.718702,-089.763514
28,043,950200,1,1893,+33.855164,-089.840500
28,043,950200,2,2172,+33.736666,-089.858193
28,043,950200,3,1427,+33.738633,-089.993297
28,043,950300,1,1147,+33.790087,-089.825998
28,043,950300,2,730,+33.778400,-089.825538
28,043,950300,3,1094,+33.774240,-089.813822
28,043,950400,1,674,+33.780969,-089.799816
28,043,950400,2,578,+33.786176,-089.805953
28,043,950400,3,859,+33.778154,-089.807358
28,043,950400,4,640,+33.775082,-089.802430
28,043,950500,1,2248,+33.758448,-089.818140
28,043,950500,2,501,+33.772085,-089.801034
28,043,950500,3,1087,+33.766055,-089.799047
28,043,950500,4,1084,+33.752033,-089.796678
28,045,030100,1,1125,+30.315694,-089.330971
28,045,030100,2,788,+30.314165,-089.345310
28,045,030100,3,1361,+30.305606,-089.355611
28,045,030100,4,693,+30.309109,-089.334772
28,045,030100,5,541,+30.301137,-089.342831
28,045,030200,1,833,+30.298937,-089.363918
28,045,030200,2,1570,+30.296935,-089.379168
28,045,030200,3,1407,+30.290368,-089.390930
28,045,030200,4,1124,+30.286245,-089.398100
28,045,030200,5,375,+30.261219,-089.433806
28,045,030200,6,459,+30.281621,-089.377709
28,045,030300,1,370,+30.326906,-089.334115
28,045,030300,2,1394,+30.324231,-089.344015
28,045,030300,3,495,+30.325538,-089.364322
28,045,030300,4,538,+30.316266,-089.425680
28,045,030300,5,1784,+30.317490,-089.380714
28,045,030300,6,1074,+30.304392,-089.400299
28,045,030300,7,596,+30.329992,-089.407568
28,045,030300,8,3064,+30.285567,-089.436881
28,045,030400,1,632,+30.237413,-089.552718
28,045,030400,2,731,+30.253582,-089.601061
28,045,030400,3,950,+30.274385,-089.523135
28,045,030500,1,2093,+30.389127,-089.368080
28,045,030500,2,2710,+30.396364,-089.374425
28,045,030500,3,3622,+30.392132,-089.351321
28,045,030601,1,2666,+30.549064,-089.384278
28,045,030601,2,1084,+30.504714,-089.495209
28,045,030601,3,3393,+30.571930,-089.490164
28,045,030602,1,1005,+30.399925,-089.429778
28,045,030602,2,3375,+30.448901,-089.394757
28,045,030602,3,933,+30.466053,-089.521262
28,045,030602,4,1144,+30.454905,-089.455927
28,045,990000,0,0,+30.218890,-089.371104
28,047,000100,1,255,+30.400622,-088.864862
28,047,000300,1,1089,+30.406671,-088.882048
28,047,000300,2,462,+30.402650,-088.872980
28,047,000300,3,503,+30.401521,-088.881021
28,047,000600,1,634,+30.396781,-088.903646
28,047,000600,2,420,+30.396217,-088.930853
28,047,000600,3,375,+30.396475,-088.920538
28,047,000900,1,2380,+30.399703,-088.924070
28,047,000900,2,547,+30.412140,-088.937857
28,047,001201,1,2292,+30.405589,-088.967783
28,047,001201,2,1223,+30.405980,-088.951436
28,047,001201,3,1635,+30.410492,-088.960457
28,047,001202,1,2061,+30.399159,-088.978836
28,047,001202,2,1718,+30.407391,-088.982055
28,047,001202,3,919,+30.406266,-088.995675
28,047,001202,4,1231,+30.397088,-088.996166
28,047,001300,1,1754,+30.393006,-088.984563
28,047,001300,2,674,+30.395707,-088.938941
28,047,001300,3,628,+30.395516,-088.955083
28,047,001400,1,413,+30.373051,-089.075254
28,047,001400,2,110,+30.378766,-089.052348
28,047,001400,3,903,+30.387355,-089.017293
28,047,001400,4,265,+30.382238,-089.036919
28,047,001501,1,1907,+30.395611,-089.011800
28,047,001501,2,1620,+30.393900,-089.022482
28,047,001502,1,849,+30.404282,-089.016613
28,047,001502,2,1438,+30.403693,-089.006042
28,047,001502,3,2286,+30.416001,-089.027589
28,047,001600,1,1052,+30.405373,-089.045298
28,047,001600,2,720,+30.412463,-089.050754
28,047,001600,3,1187,+30.418528,-089.048999
28,047,001600,4,660,+30.402769,-089.056967
28,047,001700,1,1061,+30.395006,-089.031433
28,047,001700,2,1224,+30.399011,-089.041544
28,047,001700,3,1043,+30.387849,-089.041986
28,047,001700,4,890,+30.384750,-089.054046
28,047,001700,5,1305,+30.395778,-089.049974
28,047,001800,1,520,+30.405415,-089.090674
28,047,001800,2,1100,+30.397885,-089.080103
28,047,001800,3,1188,+30.415958,-089.080433
28,047,001900,1,1198,+30.383381,-089.064461
28,047,001900,2,886,+30.378951,-089.075000
28,047,001900,3,727,+30.380456,-089.069413
28,047,002000,1,1164,+30.384539,-089.077990
28,047,002000,2,653,+30.386102,-089.089867
28,047,002000,3,1383,+30.375401,-089.085489
28,047,002300,1,438,+30.377999,-089.100842
28,047,002300,2,763,+30.373836,-089.108118
28,047,002300,3,952,+30.369421,-089.104534
28,047,002400,1,848,+30.402643,-089.104462
28,047,002400,2,2401,+30.390950,-089.118942
28,047,002400,3,798,+30.392739,-089.103147
28,047,002500,1,1812,+30.375224,-089.123226
28,047,002600,1,1238,+30.371637,-089.115131
28,047,002600,2,652,+30.363411,-089.121612
28,047,002600,3,1902,+30.366784,-089.127331
28,047,002700,1,1444,+30.360960,-089.150117
28,047,002700,2,1851,+30.349025,-089.172447
28,047,002700,3,856,+30.351911,-089.160281
28,047,002700,4,1866,+30.359525,-089.140759
28,047,002800,1,1364,+30.337260,-089.178806
28,047,002800,2,656,+30.353030,-089.138048
28,047,002800,3,753,+30.345321,-089.161360
28,047,002900,1,741,+30.331979,-089.200428
28,047,002900,2,588,+30.316834,-089.246909
28,047,003000,1,1477,+30.327376,-089.233594
28,047,003000,2,1778,+30.326514,-089.269170
28,047,003101,1,1045,+30.410794,-089.117619
28,047,003101,2,1375,+30.391636,-089.167199
28,047,003101,3,2235,+30.374343,-089.169275
28,047,003101,4,2650,+30.361444,-089.176483
28,047,003102,1,2770,+30.401116,-089.243574
28,047,003102,2,1458,+30.386612,-089.267520
28,047,003102,3,2167,+30.355229,-089.204479
28,047,003204,1,767,+30.453955,-089.084625
28,047,003204,2,1073,+30.453838,-089.077116
28,047,003204,3,2022,+30.443745,-089.085550
28,047,003205,1,2372,+30.463610,-089.078020
28,047,003205,2,1184,+30.466930,-089.097556
28,047,003205,3,2379,+30.462041,-089.092345
28,047,003206,1,2132,+30.505852,-089.081965
28,047,003206,2,1867,+30.473917,-089.037879
28,047,003206,3,3784,+30.479257,-089.077750
28,047,003207,1,1019,+30.459353,-089.049279
28,047,003207,2,1343,+30.445539,-089.064729
28,047,003207,3,2706,+30.457524,-089.063088
28,047,003208,1,2169,+30.442549,-089.055552
28,047,003208,2,972,+30.451262,-089.022603
28,047,003208,3,918,+30.445799,-089.051392
28,047,003301,1,1143,+30.442234,-088.909045
28,047,003301,2,1280,+30.448518,-088.906482
28,047,003301,3,1589,+30.438493,-088.896050
28,047,003301,4,1951,+30.442116,-088.886695
28,047,003301,5,558,+30.430094,-088.887092
28,047,003301,6,1897,+30.436884,-088.908831
28,047,003303,1,3151,+30.438889,-088.942227
28,047,003303,2,1182,+30.427344,-088.954186
28,047,003303,3,1974,+30.438635,-088.925926
28,047,003304,1,2089,+30.438658,-088.963838
28,047,003304,2,2144,+30.431523,-088.973627
28,047,003402,1,2023,+30.491738,-088.942304
28,047,003402,2,3515,+30.496196,-088.908863
28,047,003402,3,1915,+30.456306,-088.980932
28,047,003402,4,2703,+30.489998,-088.975595
28,047,003403,1,2069,+30.491135,-089.002120
28,047,003404,1,764,+30.583300,-089.110457
28,047,003404,2,1209,+30.631477,-089.120609
28,047,003404,3,1866,+30.601768,-088.998075
28,047,003404,4,1563,+30.547887,-089.061780
28,047,003501,1,2489,+30.623629,-089.198084
28,047,003501,2,3488,+30.560019,-089.159931
28,047,003501,3,1207,+30.603158,-089.154028
28,047,003501,4,2267,+30.550348,-089.195050
28,047,003502,1,1734,+30.461989,-089.318470
28,047,003502,2,2527,+30.517064,-089.284235
28,047,003502,3,1659,+30.446365,-089.266588
28,047,003504,1,2287,+30.489027,-089.134905
28,047,003504,2,976,+30.467757,-089.118597
28,047,003504,3,2416,+30.491870,-089.200253
28,047,003505,1,1769,+30.443568,-089.119397
28,047,003505,2,1705,+30.458248,-089.123714
28,047,003505,3,3222,+30.455318,-089.159617
28,047,003600,1,338,+30.398210,-088.870994
28,047,003600,2,742,+30.396696,-088.881825
28,047,003700,1,1033,+30.404197,-088.936090
28,047,003700,2,1012,+30.406064,-088.942973
28,047,003700,3,998,+30.399824,-088.943088
28,047,003800,1,533,+30.359182,-089.119814
28,047,003800,2,618,+30.364509,-089.105774
28,047,003900,1,384,+30.406728,-088.888514
28,047,003900,2,539,+30.410130,-088.902866
28,047,003900,3,791,+30.402897,-088.898203
28,047,003900,4,1076,+30.402396,-088.903056
28,047,003900,5,488,+30.402646,-088.889144
28,047,980000,1,85,+30.398362,-089.063808
28,047,990000,0,0,+30.266687,-089.032192
28,049,000100,1,1053,+32.373299,-090.144834
28,049,000100,2,1128,+32.379388,-090.133341
28,049,000100,3,1374,+32.372443,-090.137040
28,049,000100,4,1029,+32.373362,-090.121115
28,049,000200,1,988,+32.366217,-090.136732
28,049,000200,2,1126,+32.359517,-090.141451
28,049,000200,3,1692,+32.353227,-090.130637
28,049,000200,4,906,+32.359440,-090.127218
28,049,000200,5,683,+32.367456,-090.123071
28,049,000301,1,1454,+32.370509,-090.162870
28,049,000301,2,1183,+32.363405,-090.163376
28,049,000302,1,1358,+32.375230,-090.157513
28,049,000302,2,1026,+32.375763,-090.152675
28,049,000302,3,1027,+32.363726,-090.155004
28,049,000302,4,639,+32.358684,-090.155538
28,049,000400,1,910,+32.359343,-090.166631
28,049,000400,2,1110,+32.354361,-090.168644
28,049,000400,3,1353,+32.353180,-090.158057
28,049,000500,1,1034,+32.368000,-090.187802
28,049,000500,2,908,+32.362101,-090.182598
28,049,000500,3,1488,+32.363459,-090.175546
28,049,000500,4,1350,+32.353344,-090.185655
28,049,000500,5,1261,+32.360881,-090.188969
28,049,000600,1,676,+32.352253,-090.219984
28,049,000600,2,787,+32.350559,-090.209371
28,049,000600,3,873,+32.352969,-090.197255
28,049,000600,4,1106,+32.346219,-090.196740
28,049,000700,1,1387,+32.345067,-090.274301
28,049,000700,2,1230,+32.343149,-090.262410
28,049,000700,3,287,+32.332937,-090.242628
28,049,000700,4,1552,+32.340121,-090.270549
28,049,000700,5,1421,+32.333463,-090.257255
28,049,000800,1,964,+32.352877,-090.235448
28,049,000800,2,1032,+32.340708,-090.219806
28,049,000800,3,1102,+32.347815,-090.216945
28,049,000800,4,574,+32.345351,-090.214637
28,049,000800,5,811,+32.333195,-090.236411
28,049,000900,1,1359,+32.347424,-090.210667
28,049,000900,2,656,+32.338995,-090.208951
28,049,001000,1,582,+32.334432,-090.212114
28,049,001000,2,927,+32.329485,-090.207318
28,049,001100,1,1103,+32.335412,-090.200261
28,049,001100,2,724,+32.320532,-090.191878
28,049,001200,1,771,+32.348476,-090.188182
28,049,001200,2,1052,+32.339992,-090.191385
28,049,001300,1,1763,+32.339368,-090.179289
28,049,001300,2,1285,+32.344286,-090.171357
28,049,001300,3,1095,+32.338053,-090.166031
28,049,001400,1,1766,+32.345819,-090.148662
28,049,001400,2,1310,+32.342182,-090.134120
28,049,001500,1,1041,+32.320306,-090.170774
28,049,001500,2,1619,+32.317371,-090.165593
28,049,001500,3,604,+32.315930,-090.175176
28,049,001600,1,610,+32.321712,-090.183938
28,049,001600,2,1306,+32.317850,-090.181405
28,049,001600,3,996,+32.309244,-090.177671
28,049,001600,4,974,+32.309121,-090.173393
28,049,001900,1,657,+32.324328,-090.199501
28,049,001900,2,1293,+32.317600,-090.197414
28,049,002000,1,892,+32.322495,-090.205547
28,049,002000,2,155,+32.320008,-090.206410
28,049,002100,1,584,+32.317958,-090.229073
28,049,002100,2,1083,+32.313539,-090.226057
28,049,002100,3,733,+32.309556,-090.233296
28,049,002100,4,857,+32.315308,-090.217082
28,049,002200,1,1000,+32.325317,-090.232251
28,049,002200,2,1450,+32.320965,-090.236923
28,049,002300,1,2518,+32.311083,-090.243580
28,049,002400,1,1154,+32.308874,-090.218958
28,049,002400,2,1326,+32.301731,-090.222197
28,049,002400,3,2085,+32.303281,-090.237815
28,049,002500,1,882,+32.307892,-090.213038
28,049,002500,2,1506,+32.308557,-090.207073
28,049,002700,1,775,+32.303535,-090.199381
28,049,002700,2,602,+32.296488,-090.187184
28,049,003000,1,607,+32.293764,-090.196207
28,049,003000,2,764,+32.288841,-090.198113
28,049,003000,3,733,+32.273617,-090.211528
28,049,003200,1,969,+32.295074,-090.215901
28,049,003200,2,617,+32.294520,-090.223777
28,049,003300,1,926,+32.292958,-090.241957
28,049,003300,2,887,+32.278969,-090.240189
28,049,003300,3,1593,+32.281130,-090.234433
28,049,003300,4,1230,+32.271564,-090.247405
28,049,003300,5,1023,+32.272435,-090.238635
28,049,003300,6,849,+32.271801,-090.231513
28,049,003400,1,2488,+32.282468,-090.222072
28,049,003400,2,1344,+32.274141,-090.223349
28,049,003500,1,910,+32.265079,-090.230734
28,049,003500,2,1256,+32.261930,-090.225240
28,049,003500,3,1102,+32.262453,-090.216016
28,049,003500,4,663,+32.261413,-090.214699
28,049,003600,1,1545,+32.263232,-090.239767
28,049,003600,2,2407,+32.262801,-090.250013
28,049,003700,1,1056,+32.255613,-090.236410
28,049,003700,2,899,+32.248830,-090.239199
28,049,003700,3,971,+32.247989,-090.231993
28,049,003800,1,2281,+32.247045,-090.219262
28,049,003800,2,738,+32.240093,-090.224051
28,049,010101,1,1142,+32.394429,-090.119678
28,049,010101,2,860,+32.395597,-090.114987
28,049,010101,3,1531,+32.390144,-090.109858
28,049,010101,4,1482,+32.384564,-090.103265
28,049,010101,5,1106,+32.380455,-090.113922
28,049,010102,1,1165,+32.391923,-090.135864
28,049,010102,2,827,+32.397226,-090.128188
28,049,010102,3,1274,+32.386605,-090.138686
28,049,010102,4,987,+32.388253,-090.134762
28,049,010102,5,1420,+32.389750,-090.124275
28,049,010201,1,2491,+32.389102,-090.156672
28,049,010201,2,759,+32.381952,-090.168388
28,049,010202,1,742,+32.374643,-090.196503
28,049,010202,2,1007,+32.390635,-090.175602
28,049,010202,3,2000,+32.394054,-090.169549
28,049,010202,4,1081,+32.385657,-090.190447
28,049,010202,5,1307,+32.374748,-090.186920
28,049,010203,1,1369,+32.390236,-090.217600
28,049,010203,2,1548,+32.371521,-090.212426
28,049,010301,1,602,+32.364419,-090.252480
28,049,010301,2,894,+32.373785,-090.265141
28,049,010301,3,1788,+32.368210,-090.261417
28,049,010304,1,3066,+32.360415,-090.313415
28,049,010304,2,2096,+32.351409,-090.299615
28,049,010304,3,987,+32.347558,-090.290310
28,049,010305,1,1707,+32.340707,-090.305136
28,049,010305,2,1632,+32.330193,-090.299407
28,049,010400,1,897,+32.336505,-090.322486
28,049,010400,2,1306,+32.342857,-090.319386
28,049,010400,3,1134,+32.345840,-090.345896
28,049,010400,4,532,+32.350218,-090.334926
28,049,010500,1,1944,+32.439742,-090.298034
28,049,010500,2,1914,+32.425687,-090.412043
28,049,010500,3,1278,+32.374244,-090.323441
28,049,010500,4,1051,+32.341702,-090.436343
28,049,010500,5,771,+32.345789,-090.374630
28,049,010500,6,854,+32.372572,-090.348996
28,049,010600,1,1602,+32.384419,-090.554213
28,049,010600,2,1655,+32.292486,-090.534696
28,049,010600,3,1649,+32.330581,-090.617872
28,049,010700,1,3617,+32.229835,-090.404504
28,049,010700,2,1181,+32.236312,-090.488739
28,049,010700,3,2429,+32.258909,-090.422224
28,049,010801,1,667,+32.315226,-090.287033
28,049,010801,2,937,+32.314396,-090.294752
28,049,010804,1,1739,+32.329943,-090.317739
28,049,010805,1,1254,+32.321962,-090.330410
28,049,010805,2,2725,+32.317062,-090.338069
28,049,010806,1,2445,+32.321236,-090.346012
28,049,010806,2,991,+32.287559,-090.348961
28,049,010807,1,1116,+32.234480,-090.356736
28,049,010807,2,2556,+32.219329,-090.326648
28,049,010808,1,1819,+32.252784,-090.297641
28,049,010808,2,1136,+32.267861,-090.303695
28,049,010808,3,1775,+32.261838,-090.290156
28,049,010809,1,3007,+32.261010,-090.319287
28,049,010901,1,882,+32.329018,-090.260700
28,049,010901,2,1915,+32.322498,-090.273831
28,049,010902,1,284,+32.299469,-090.257877
28,049,010902,2,815,+32.305530,-090.270859
28,049,010902,3,720,+32.309485,-090.278318
28,049,011001,1,4398,+32.281901,-090.265080
28,049,011001,2,1320,+32.280635,-090.248582
28,049,011002,1,1673,+32.260791,-090.257278
28,049,011002,2,2717,+32.261778,-090.264698
28,049,011101,1,1423,+32.248237,-090.280880
28,049,011101,2,1404,+32.245797,-090.252765
28,049,011102,1,5266,+32.204084,-090.272037
28,049,011102,2,1114,+32.231722,-090.249900
28,049,011102,3,1676,+32.217132,-090.248961
28,049,011102,4,1810,+32.212471,-090.262616
28,049,011103,1,2279,+32.205037,-090.239156
28,049,011103,2,3573,+32.187612,-090.288812
28,049,011201,1,1289,+32.077644,-090.403650
28,049,011201,2,1600,+32.131959,-090.436319
28,049,011202,1,2275,+32.167663,-090.342832
28,049,011202,2,2074,+32.123143,-090.325585
28,049,011202,3,1545,+32.172250,-090.301278
28,049,011202,4,2495,+32.090679,-090.286325
28,049,011300,1,1988,+32.187907,-090.622568
28,049,011300,2,1122,+32.088940,-090.602548
28,049,011300,3,1089,+32.113081,-090.642453
28,049,011400,1,816,+32.315981,-090.186510
28,049,011400,2,456,+32.309133,-090.188308
28,049,011500,1,1246,+32.292205,-090.208167
28,049,011500,2,2335,+32.299212,-090.208938
28,051,950100,1,831,+33.204121,-089.829737
28,051,950100,2,1199,+33.086026,-089.881438
28,051,950100,3,933,+33.083710,-089.855363
28,051,950100,4,885,+33.072922,-089.861314
28,051,950100,5,548,+33.073064,-089.851226
28,051,950200,1,862,+33.112844,-090.059246
28,051,950200,2,783,+33.116531,-090.046354
28,051,950200,3,1384,+33.145893,-090.035591
28,051,950200,4,1011,+33.251180,-090.066299
28,051,950300,1,1249,+33.174672,-090.222247
28,051,950300,2,838,+33.259073,-090.238813
28,051,950300,3,821,+33.191023,-090.226407
28,051,950400,1,695,+33.108181,-090.302108
28,051,950400,2,967,+33.084033,-090.091317
28,051,950400,3,577,+32.986713,-090.157336
28,051,950500,1,1712,+33.074191,-090.035405
28,051,950500,2,1582,+32.969775,-089.915217
28,051,950500,3,1035,+32.956368,-090.022082
28,051,950500,4,1286,+32.890073,-089.971628
28,053,950100,1,764,+33.209903,-090.469153
28,053,950100,2,1160,+33.256527,-090.584388
28,053,950100,3,712,+33.173397,-090.504708
28,053,950200,1,789,+33.177246,-090.584856
28,053,950200,2,680,+33.053407,-090.489197
28,053,950200,3,1105,+32.992715,-090.587817
28,053,950300,1,981,+33.190988,-090.494041
28,053,950300,2,1689,+33.184986,-090.479225
28,053,950300,3,1495,+33.177611,-090.490343
28,055,950100,1,429,+32.977350,-090.997359
28,055,950100,2,977,+32.818946,-091.010293
28,057,950100,1,1578,+34.423524,-088.234132
28,057,950100,2,1161,+34.410828,-088.353822
28,057,950100,3,1196,+34.308034,-088.385883
28,057,950100,4,1002,+34.314147,-088.331844
28,057,950200,1,1340,+34.432702,-088.481209
28,057,950200,2,1467,+34.363860,-088.497676
28,057,950200,3,2023,+34.308488,-088.484355
28,057,950200,4,1386,+34.301989,-088.523047
28,057,950300,1,602,+34.278225,-088.397032
28,057,950300,2,1299,+34.270402,-088.412494
28,057,950300,3,1464,+34.263221,-088.394575
28,057,950400,1,1066,+34.350331,-088.213908
28,057,950400,2,1954,+34.239248,-088.357898
28,057,950400,3,1250,+34.220303,-088.248731
28,057,950400,4,740,+34.143276,-088.360534
28,057,950500,1,978,+34.199550,-088.443655
28,057,950500,2,1542,+34.227247,-088.510735
28,057,950500,3,1353,+34.134169,-088.509893
28,059,040101,1,1125,+30.538907,-088.547572
28,059,040101,2,2856,+30.685849,-088.547042
28,059,040101,3,717,+30.603473,-088.573455
28,059,040101,4,2460,+30.598835,-088.525759
28,059,040102,1,2319,+30.690800,-088.474662
28,059,040102,2,3059,+30.595755,-088.465745
28,059,040102,3,1040,+30.509721,-088.481610
28,059,040102,4,1151,+30.504211,-088.414314
28,059,040201,1,2608,+30.551724,-088.648165
28,059,040201,2,2192,+30.569754,-088.699256
28,059,040201,3,1167,+30.506036,-088.658807
28,059,040201,4,2646,+30.621026,-088.759012
28,059,040203,1,2146,+30.509897,-088.738444
28,059,040203,2,2956,+30.512576,-088.793548
28,059,040204,1,2604,+30.513515,-088.848212
28,059,040204,2,2526,+30.471874,-088.866779
28,059,040204,3,1472,+30.484437,-088.848877
28,059,040300,1,2563,+30.451243,-088.867434
28,059,040300,2,773,+30.443802,-088.879438
28,059,040300,3,1653,+30.445142,-088.871083
28,059,040300,4,2534,+30.439892,-088.858131
28,059,040300,5,207,+30.429335,-088.878356
28,059,040400,1,2294,+30.432575,-088.819372
28,059,040400,2,3342,+30.444671,-088.818218
28,059,040400,3,1613,+30.435169,-088.837777
28,059,040500,1,960,+30.418865,-088.823887
28,059,040500,2,660,+30.412442,-088.831166
28,059,040500,3,532,+30.411622,-088.823590
28,059,040500,4,1087,+30.408299,-088.814167
28,059,040500,5,380,+30.407462,-088.829344
28,059,040600,1,1712,+30.403074,-088.787832
28,059,040600,2,898,+30.404778,-088.797387
28,059,040600,3,951,+30.407150,-088.801887
28,059,040600,4,838,+30.407507,-088.808064
28,059,040600,5,1106,+30.398596,-088.804459
28,059,040700,1,2553,+30.421245,-088.775142
28,059,040700,2,729,+30.416237,-088.788643
28,059,040700,3,2195,+30.414874,-088.760179
28,059,040700,4,1597,+30.413564,-088.738903
28,059,040700,5,2025,+30.403139,-088.770931
28,059,040800,1,1817,+30.438389,-088.686786
28,059,040800,2,1348,+30.462732,-088.633355
28,059,040800,3,2821,+30.450739,-088.641465
28,059,040900,1,4309,+30.368523,-088.709672
28,059,040900,2,4192,+30.385425,-088.756927
28,059,040900,3,2739,+30.364065,-088.755234
28,059,041000,1,867,+30.424883,-088.642400
28,059,041000,2,2474,+30.416047,-088.638995
28,059,041000,3,831,+30.397849,-088.644957
28,059,041000,4,1350,+30.384812,-088.627631
28,059,041100,1,630,+30.366863,-088.635044
28,059,041100,2,1056,+30.373171,-088.635190
28,059,041100,3,1079,+30.379291,-088.643666
28,059,041100,4,1803,+30.376923,-088.652549
28,059,041100,5,2132,+30.374313,-088.663119
28,059,041300,1,869,+30.476714,-088.492955
28,059,041300,2,1273,+30.497650,-088.522528
28,059,041300,3,851,+30.488740,-088.546419
28,059,041300,4,806,+30.485743,-088.556424
28,059,041300,5,1203,+30.441934,-088.541331
28,059,041300,6,1502,+30.465225,-088.546147
28,059,041400,1,545,+30.416780,-088.555185
28,059,041400,2,817,+30.410012,-088.561467
28,059,041400,3,812,+30.408824,-088.551678
28,059,041400,4,823,+30.398955,-088.548258
28,059,041500,1,1318,+30.406686,-088.531842
28,059,041600,1,768,+30.410058,-088.500515
28,059,041600,2,749,+30.405852,-088.515085
28,059,041600,3,1040,+30.405382,-088.503715
28,059,041700,1,777,+30.399369,-088.503507
28,059,041700,2,1542,+30.397212,-088.514583
28,059,041800,1,652,+30.399760,-088.524846
28,059,041800,2,602,+30.396203,-088.533472
28,059,041800,3,514,+30.395133,-088.540418
28,059,041800,4,982,+30.394014,-088.524970
28,059,041900,1,1876,+30.382524,-088.535704
28,059,041900,2,545,+30.376561,-088.554732
28,059,042000,1,833,+30.369884,-088.516049
28,059,042000,2,1620,+30.380953,-088.512202
28,059,042000,3,1624,+30.373232,-088.522765
28,059,042000,4,731,+30.372545,-088.509348
28,059,042100,1,943,+30.364626,-088.518720
28,059,042100,2,580,+30.365675,-088.527227
28,059,042100,3,670,+30.358620,-088.526942
28,059,042100,4,1020,+30.359008,-088.518782
28,059,042200,1,949,+30.373911,-088.542929
28,059,042200,2,1063,+30.369795,-088.534086
28,059,042200,3,1540,+30.363523,-088.540467
28,059,042200,4,1573,+30.360367,-088.532678
28,059,042500,1,815,+30.350233,-088.540169
28,059,042500,2,710,+30.350053,-088.547637
28,059,042500,3,692,+30.349517,-088.553428
28,059,042600,1,1234,+30.349916,-088.519682
28,059,042600,2,634,+30.348817,-088.526754
28,059,042600,3,728,+30.350228,-088.533010
28,059,042700,1,661,+30.421278,-088.471736
28,059,042700,2,355,+30.404770,-088.465275
28,059,042900,1,640,+30.354972,-088.557869
28,059,042900,2,623,+30.357291,-088.543085
28,059,042900,3,870,+30.363498,-088.553018
28,059,990000,0,0,+30.246519,-088.587332
28,061,950100,1,1620,+32.121633,-088.978300
28,061,950100,2,1502,+32.131394,-089.167180
28,061,950100,3,1440,+32.062952,-089.239168
28,061,950200,1,1295,+31.980974,-089.300773
28,061,950200,2,793,+31.981345,-089.267317
28,061,950300,1,1126,+31.957562,-089.203448
28,061,950300,2,1265,+31.927037,-089.286900
28,061,950300,3,778,+31.845583,-089.287974
28,061,950300,4,1962,+31.851690,-089.208108
28,061,950400,1,1495,+31.983259,-089.010627
28,061,950400,2,1333,+31.900337,-089.083385
28,061,950400,3,741,+31.894130,-088.987076
28,061,950400,4,1712,+31.868210,-088.977938
28,063,950100,1,651,+31.688336,-090.825468
28,063,950100,2,946,+31.749053,-090.989033
28,063,950100,3,504,+31.841977,-091.077370
28,063,950100,4,731,+31.679551,-091.214129
28,063,950100,5,1915,+31.729874,-091.074959
28,063,950100,6,1415,+31.663748,-091.079306
28,063,950200,1,1564,+31.707623,-091.065036
28,065,950100,1,843,+31.729753,-089.813613
28,065,950100,2,1518,+31.684838,-089.908704
28,065,950100,3,1395,+31.634355,-089.813072
28,065,950100,4,1063,+31.609935,-089.899565
28,065,950100,5,782,+31.598182,-089.868834
28,065,950201,1,1449,+31.507386,-089.658753
28,065,950201,2,1322,+31.483337,-089.726135
28,065,950201,3,622,+31.567232,-089.721988
28,065,950202,1,642,+31.471210,-089.921547
28,065,950202,2,1622,+31.494902,-089.820530
28,065,950202,3,508,+31.557134,-089.939197
28,065,950202,4,721,+31.565732,-089.795150
28,067,950100,1,1141,+31.776930,-088.976409
28,067,950100,2,1101,+31.784723,-089.035298
28,067,950100,3,1335,+31.768325,-089.080521
28,067,950100,4,929,+31.784561,-089.106064
28,067,950100,5,2175,+31.769998,-089.141221
28,067,950200,1,1153,+31.783536,-089.192133
28,067,950200,2,1527,+31.747282,-089.188996
28,067,950200,3,2102,+31.759047,-089.260872
28,067,950200,4,658,+31.773704,-089.346757
28,067,950301,1,1890,+31.631756,-089.244190
28,067,950301,2,1938,+31.717307,-089.330211
28,067,950301,3,969,+31.657129,-089.353253
28,067,950302,1,1987,+31.693904,-089.216197
28,067,950302,2,1563,+31.672766,-089.231604
28,067,950401,1,1350,+31.732614,-089.150893
28,067,950401,2,2195,+31.720572,-089.150984
28,067,950402,1,1473,+31.712330,-089.125174
28,067,950402,2,759,+31.720137,-089.131796
28,067,950402,3,1859,+31.733828,-089.132730
28,067,950402,4,1398,+31.745904,-089.140850
28,067,950500,1,976,+31.704282,-089.131866
28,067,950500,2,1111,+31.699300,-089.135888
28,067,950500,3,1207,+31.701831,-089.150087
28,067,950500,4,1077,+31.702750,-089.123427
28,067,950600,1,975,+31.688056,-089.150310
28,067,950600,2,1227,+31.658136,-089.174394
28,067,950600,3,1564,+31.674128,-089.151896
28,067,950600,4,1744,+31.680070,-089.142213
28,067,950600,5,1846,+31.659907,-089.153280
28,067,950700,1,695,+31.693901,-089.101146
28,067,950700,2,1030,+31.667217,-089.107296
28,067,950700,3,1156,+31.690251,-089.125650
28,067,950700,4,568,+31.680372,-089.134712
28,067,950800,1,884,+31.705705,-088.966637
28,067,950800,2,1067,+31.710886,-089.043677
28,067,950800,3,919,+31.680430,-089.062698
28,067,950800,4,893,+31.676478,-089.007149
28,067,950800,5,1613,+31.641872,-089.016284
28,067,950900,1,1298,+31.635725,-089.114690
28,067,950900,2,2133,+31.594007,-089.089621
28,067,950900,3,1679,+31.493256,-089.054373
28,067,950900,4,1612,+31.533141,-089.195457
28,067,950900,5,955,+31.457758,-089.166896
28,067,951000,1,818,+31.612250,-089.196418
28,067,951000,2,1923,+31.598969,-089.203765
28,067,951000,3,558,+31.601415,-089.190507
28,067,951000,4,479,+31.589703,-089.220014
28,067,951100,1,2272,+31.471301,-089.303646
28,067,951100,2,1273,+31.589125,-089.326759
28,067,951100,3,1619,+31.526139,-089.356934
28,067,951100,4,1084,+31.542489,-089.266575
28,067,980000,1,4,+31.467719,-089.336000
28,069,030100,1,1706,+32.851573,-088.459020
28,069,030100,2,1793,+32.773074,-088.661701
28,069,030100,3,620,+32.703844,-088.498074
28,069,030100,4,1296,+32.649539,-088.574880
28,069,030200,1,1019,+32.829590,-088.752725
28,069,030200,2,955,+32.698686,-088.713161
28,069,030200,3,764,+32.721845,-088.835984
28,069,030200,4,1469,+32.850437,-088.876082
28,069,030200,5,834,+32.618402,-088.828557
28,071,950100,1,1934,+34.409340,-089.364321
28,071,950100,2,2491,+34.371422,-089.461888
28,071,950201,1,1118,+34.374346,-089.519388
28,071,950201,2,1182,+34.370621,-089.502392
28,071,950201,3,642,+34.379122,-089.504215
28,071,950202,1,2850,+34.347719,-089.528271
28,071,950202,2,540,+34.361879,-089.523723
28,071,950202,3,1405,+34.359744,-089.513308
28,071,950301,1,1268,+34.361636,-089.553521
28,071,950301,2,2307,+34.368815,-089.533447
28,071,950301,3,1585,+34.368721,-089.540629
28,071,950301,4,641,+34.363569,-089.544402
28,071,950302,1,1120,+34.378366,-089.531815
28,071,950302,2,2784,+34.374699,-089.558157
28,071,950401,1,2823,+34.407755,-089.519762
28,071,950401,2,1873,+34.368952,-089.592139
28,071,950401,3,1903,+34.399358,-089.568503
28,071,950402,1,1143,+34.420089,-089.633078
28,071,950402,2,1157,+34.522521,-089.674542
28,071,950402,3,1576,+34.487469,-089.509042
28,071,950501,1,1041,+34.290638,-089.340501
28,071,950501,2,1156,+34.332273,-089.457942
28,071,950501,3,786,+34.223590,-089.364962
28,071,950501,4,2483,+34.318545,-089.505843
28,071,950501,5,1138,+34.225328,-089.485177
28,071,950502,1,1136,+34.272970,-089.665122
28,071,950502,2,1117,+34.235082,-089.552779
28,071,950503,1,3136,+34.347080,-089.593047
28,071,950503,2,1996,+34.315952,-089.537719
28,071,950503,3,1020,+34.351467,-089.540283
28,073,020100,1,2208,+31.374177,-089.488047
28,073,020100,2,1063,+31.402446,-089.548501
28,073,020100,3,1585,+31.401159,-089.607127
28,073,020100,4,2779,+31.327095,-089.561726
28,073,020201,1,2482,+31.281185,-089.415701
28,073,020201,2,4071,+31.258324,-089.425800
28,073,020202,1,1494,+31.296805,-089.460569
28,073,020202,2,2435,+31.296791,-089.426020
28,073,020202,3,4072,+31.327753,-089.438548
28,073,020301,1,3316,+31.275923,-089.372487
28,073,020301,2,943,+31.307638,-089.350041
28,073,020301,3,761,+31.315271,-089.362069
28,073,020301,4,2830,+31.308980,-089.360330
28,073,020302,1,1967,+31.336993,-089.371597
28,073,020302,2,2944,+31.313895,-089.377788
28,073,020302,3,4297,+31.334884,-089.356538
28,073,020400,1,1217,+31.159913,-089.374603
28,073,020400,2,1852,+31.173051,-089.441257
28,073,020400,3,1149,+31.151010,-089.415798
28,073,020400,4,981,+31.124737,-089.392958
28,073,020400,5,1289,+31.121530,-089.423165
28,073,020500,1,2801,+31.261733,-089.495612
28,073,020500,2,2240,+31.165563,-089.549190
28,073,020500,3,1329,+31.115468,-089.609548
28,073,020600,1,954,+31.030318,-089.421936
28,073,020600,2,1029,+31.032283,-089.454699
28,073,020600,3,1003,+31.018894,-089.481365
28,073,020600,4,567,+31.003136,-089.457405
28,075,000200,1,1073,+32.374471,-088.705830
28,075,000200,2,999,+32.373401,-088.713622
28,075,000200,3,1138,+32.367498,-088.711126
28,075,000300,1,685,+32.389993,-088.709159
28,075,000300,2,675,+32.381495,-088.713448
28,075,000300,3,1045,+32.381388,-088.706033
28,075,000400,1,1505,+32.385116,-088.678503
28,075,000400,2,1095,+32.386681,-088.687377
28,075,000400,3,744,+32.380584,-088.695500
28,075,000400,4,858,+32.373647,-088.692603
28,075,000400,5,1021,+32.375952,-088.689473
28,075,000600,1,557,+32.359479,-088.717070
28,075,000600,2,713,+32.354461,-088.705195
28,075,000600,3,831,+32.361854,-088.711742
28,075,000700,1,685,+32.357741,-088.736867
28,075,000700,2,970,+32.363055,-088.738871
28,075,000700,3,1061,+32.356270,-088.748751
28,075,000700,4,1415,+32.361337,-088.726171
28,075,000800,1,1230,+32.373795,-088.724640
28,075,000800,2,988,+32.368609,-088.726906
28,075,000900,1,1617,+32.387721,-088.741041
28,075,000900,2,1139,+32.392135,-088.717559
28,075,000900,3,874,+32.385321,-088.720611
28,075,000900,4,739,+32.381756,-088.722945
28,075,000900,5,748,+32.378780,-088.734773
28,075,001000,1,1142,+32.416031,-088.710895
28,075,001000,2,1097,+32.403100,-088.708757
28,075,001000,3,1064,+32.404326,-088.720671
28,075,001000,4,585,+32.401177,-088.714965
28,075,001101,1,849,+32.392023,-088.701128
28,075,001101,2,1383,+32.406990,-088.685267
28,075,001101,3,781,+32.403762,-088.698756
28,075,001101,4,702,+32.392813,-088.695331
28,075,001102,1,1785,+32.404650,-088.676439
28,075,001102,2,1606,+32.428724,-088.688056
28,075,001102,3,971,+32.418411,-088.691867
28,075,010201,1,951,+32.515598,-088.480662
28,075,010201,2,1349,+32.485111,-088.512298
28,075,010201,3,2038,+32.434689,-088.530063
28,075,010201,4,1766,+32.409833,-088.616890
28,075,010202,1,1323,+32.543819,-088.603329
28,075,010202,2,1205,+32.512869,-088.654029
28,075,010202,3,974,+32.497376,-088.613000
28,075,010202,4,2885,+32.463381,-088.675624
28,075,010202,5,1374,+32.432352,-088.654089
28,075,010301,1,1357,+32.528356,-088.736807
28,075,010301,2,2366,+32.490410,-088.781659
28,075,010301,3,1659,+32.465235,-088.732973
28,075,010302,1,2900,+32.530819,-088.858992
28,075,010302,2,1656,+32.464908,-088.849318
28,075,010302,3,2066,+32.407818,-088.786017
28,075,010400,1,1012,+32.297702,-088.842881
28,075,010400,2,2016,+32.344766,-088.800687
28,075,010500,1,629,+32.342541,-088.685043
28,075,010500,2,1285,+32.318469,-088.701655
28,075,010500,3,1359,+32.273866,-088.715382
28,075,010500,4,1486,+32.269971,-088.673627
28,075,010500,5,1078,+32.275805,-088.619973
28,075,010600,1,1346,+32.388063,-088.502871
28,075,010600,2,1023,+32.329556,-088.514946
28,075,010600,3,1827,+32.277475,-088.538819
28,075,010600,4,1955,+32.354782,-088.635078
28,075,010600,5,1479,+32.344544,-088.588776
28,075,010700,1,610,+32.368110,-088.686079
28,075,010700,2,854,+32.363175,-088.698792
28,075,980000,1,63,+32.346709,-088.737935
28,077,960100,1,1272,+31.731493,-090.015383
28,077,960100,2,787,+31.548378,-090.022624
28,077,960100,3,1397,+31.631271,-090.021156
28,077,960100,4,793,+31.472476,-089.992833
28,077,960200,1,1202,+31.688459,-090.178052
28,077,960200,2,1275,+31.593559,-090.169370
28,077,960200,3,1423,+31.546977,-090.123040
28,077,960200,4,651,+31.558011,-090.109394
28,077,960300,1,1685,+31.507378,-090.162945
28,077,960300,2,1605,+31.399490,-090.196193
28,077,960300,3,839,+31.405132,-090.101609
28,079,040100,1,1145,+32.848561,-089.369355
28,079,040100,2,1418,+32.864931,-089.503991
28,079,040100,3,734,+32.799588,-089.443877
28,079,040400,1,1869,+32.743837,-089.391980
28,079,040400,2,829,+32.679567,-089.474114
28,079,040400,3,3416,+32.605638,-089.446977
28,079,040400,4,1829,+32.651976,-089.364784
28,079,040500,1,1246,+32.674063,-089.580370
28,079,040500,2,1278,+32.619601,-089.643681
28,079,040500,3,677,+32.610673,-089.525988
28,079,040600,1,954,+32.764888,-089.546852
28,079,040600,2,1211,+32.742833,-089.527706
28,079,040600,3,1236,+32.743780,-089.521901
28,079,040600,4,1903,+32.730530,-089.547507
28,079,040600,5,686,+32.741272,-089.544029
28,079,040700,1,1098,+32.859447,-089.662486
28,079,040700,2,1020,+32.735214,-089.655028
28,079,040700,3,1256,+32.862681,-089.568604
28,081,950101,1,1188,+34.430360,-088.724598
28,081,950101,2,1479,+34.420871,-088.672602
28,081,950101,3,2029,+34.465766,-088.705311
28,081,950102,1,1833,+34.449580,-088.588796
28,081,950102,2,555,+34.499303,-088.625800
28,081,950102,3,1308,+34.483005,-088.651277
28,081,950201,1,1959,+34.365477,-088.758346
28,081,950201,2,2089,+34.335360,-088.710523
28,081,950201,3,1397,+34.377603,-088.714998
28,081,950201,4,1890,+34.373419,-088.688632
28,081,950202,1,2074,+34.366841,-088.597541
28,081,950202,2,2385,+34.322062,-088.654423
28,081,950202,3,1154,+34.383929,-088.677445
28,081,950301,1,1456,+34.309413,-088.589810
28,081,950301,2,3169,+34.282321,-088.605007
28,081,950302,1,1272,+34.251832,-088.597085
28,081,950302,2,904,+34.213006,-088.580019
28,081,950302,3,1342,+34.211802,-088.660253
28,081,950401,1,1987,+34.233495,-088.804013
28,081,950401,2,2001,+34.209270,-088.757551
28,081,950402,1,2009,+34.316428,-088.770651
28,081,950402,2,2173,+34.290386,-088.789550
28,081,950402,3,2516,+34.271392,-088.794399
28,081,950500,1,2021,+34.273836,-088.676341
28,081,950500,2,544,+34.268856,-088.707357
28,081,950500,3,1094,+34.282091,-088.710152
28,081,950500,4,770,+34.287979,-088.721469
28,081,950500,5,1104,+34.270216,-088.719867
28,081,950601,1,2211,+34.274910,-088.758165
28,081,950601,2,1620,+34.270552,-088.737587
28,081,950602,1,1111,+34.262526,-088.728104
28,081,950602,2,1920,+34.259126,-088.746974
28,081,950602,3,881,+34.260141,-088.715169
28,081,950700,1,558,+34.261164,-088.707432
28,081,950700,2,575,+34.233735,-088.708399
28,081,950700,3,1288,+34.244485,-088.680589
28,081,950700,4,1274,+34.246962,-088.668105
28,081,950800,1,1246,+34.252346,-088.724831
28,081,950800,2,1030,+34.242521,-088.723164
28,081,950800,3,1059,+34.232670,-088.725521
28,081,950901,1,1464,+34.252568,-088.736091
28,081,950901,2,1685,+34.245421,-088.750343
28,081,950902,1,2094,+34.215455,-088.729625
28,081,950902,2,1400,+34.235867,-088.734057
28,081,950902,3,1531,+34.247187,-088.736086
28,081,951001,1,1703,+34.109452,-088.780907
28,081,951001,2,2147,+34.158101,-088.762122
28,081,951002,1,2120,+34.190019,-088.726660
28,081,951002,2,1774,+34.193058,-088.713731
28,081,951100,1,1555,+34.165300,-088.613375
28,081,951100,2,616,+34.166252,-088.687942
28,081,951100,3,1292,+34.122875,-088.671068
28,081,951100,4,913,+34.109943,-088.707470
28,081,951100,5,766,+34.094826,-088.622212
28,081,951100,6,1375,+34.110226,-088.589710
28,081,980000,1,0,+34.272345,-088.769196
28,083,950100,1,545,+33.745689,-090.327320
28,083,950100,2,568,+33.629875,-090.367423
28,083,950200,1,504,+33.617238,-090.172223
28,083,950200,2,1525,+33.528054,-090.143552
28,083,950200,3,1001,+33.515678,-090.126668
28,083,950300,1,1936,+33.506468,-090.344063
28,083,950300,2,1130,+33.500437,-090.324715
28,083,950300,3,2253,+33.493659,-090.332358
28,083,950300,4,473,+33.364730,-090.366530
28,083,950400,1,1225,+33.429826,-090.215946
28,083,950400,2,2544,+33.479196,-090.175984
28,083,950400,3,2321,+33.498783,-090.138271
28,083,950600,1,1294,+33.536235,-090.180240
28,083,950600,2,1006,+33.532936,-090.185606
28,083,950600,3,833,+33.533158,-090.199227
28,083,950600,4,641,+33.523568,-090.202293
28,083,950600,5,825,+33.527930,-090.193569
28,083,950600,6,639,+33.524272,-090.190450
28,083,950700,1,839,+33.521096,-090.168690
28,083,950700,2,465,+33.519164,-090.182681
28,083,950700,3,744,+33.517219,-090.194527
28,083,950800,1,915,+33.513979,-090.179051
28,083,950800,2,1584,+33.510947,-090.185648
28,083,950800,3,1213,+33.507586,-090.198022
28,083,950800,4,713,+33.508562,-090.178578
28,083,950900,1,1450,+33.507298,-090.166129
28,083,950900,2,963,+33.518696,-090.158646
28,083,950900,3,1360,+33.514182,-090.171025
28,083,950900,4,808,+33.512693,-090.159444
28,085,950100,1,1173,+31.642985,-090.312682
28,085,950100,2,796,+31.631339,-090.389487
28,085,950100,3,1372,+31.637628,-090.429609
28,085,950100,4,752,+31.653625,-090.463423
28,085,950200,1,1631,+31.649533,-090.517075
28,085,950200,2,1641,+31.644343,-090.613983
28,085,950200,3,1875,+31.590746,-090.515213
28,085,950200,4,1054,+31.549780,-090.558519
28,085,950300,1,2332,+31.547677,-090.403497
28,085,950300,2,1529,+31.517432,-090.325795
28,085,950300,3,989,+31.425623,-090.411768
28,085,950300,4,2097,+31.429668,-090.309245
28,085,950400,1,1047,+31.383192,-090.508524
28,085,950400,2,1734,+31.433877,-090.594618
28,085,950400,3,1494,+31.438707,-090.496278
28,085,950400,4,2341,+31.506836,-090.502679
28,085,950500,1,814,+31.603351,-090.450120
28,085,950500,2,792,+31.595989,-090.439864
28,085,950500,3,1515,+31.584943,-090.430823
28,085,950500,4,927,+31.589787,-090.447483
28,085,950500,5,1005,+31.590824,-090.459758
28,085,950600,1,826,+31.575974,-090.429112
28,085,950600,2,766,+31.574838,-090.437270
28,085,950600,3,1163,+31.567807,-090.439133
28,085,950600,4,1051,+31.579042,-090.453410
28,085,950600,5,2153,+31.567294,-090.460855
28,087,000101,1,1385,+33.598912,-088.324958
28,087,000101,2,2408,+33.649546,-088.341150
28,087,000101,3,2014,+33.687939,-088.298239
28,087,000102,1,1470,+33.632046,-088.392188
28,087,000102,2,987,+33.613984,-088.441703
28,087,000200,1,1379,+33.629532,-088.453993
28,087,000300,1,1860,+33.562138,-088.390685
28,087,000300,2,1555,+33.564040,-088.416396
28,087,000300,3,2257,+33.536961,-088.417586
28,087,000300,4,925,+33.546759,-088.443431
28,087,000300,5,1159,+33.595808,-088.433869
28,087,000401,1,828,+33.547734,-088.329637
28,087,000401,2,1635,+33.529101,-088.323064
28,087,000401,3,1140,+33.520252,-088.302411
28,087,000401,4,2016,+33.498717,-088.342154
28,087,000401,5,2126,+33.480744,-088.317720
28,087,000403,1,632,+33.377865,-088.358195
28,087,000403,2,2009,+33.436875,-088.371639
28,087,000403,3,1676,+33.460063,-088.370057
28,087,000404,1,1502,+33.456468,-088.313670
28,087,000404,2,2560,+33.434553,-088.328456
28,087,000500,1,1491,+33.508850,-088.375514
28,087,000500,2,1164,+33.500244,-088.368649
28,087,000500,3,1290,+33.498157,-088.376831
28,087,000600,1,2558,+33.483577,-088.376654
28,087,000600,2,1083,+33.490583,-088.375812
28,087,000700,1,1333,+33.491622,-088.425780
28,087,000700,2,1575,+33.483650,-088.424056
28,087,000700,3,720,+33.493805,-088.412136
28,087,000700,4,1558,+33.491260,-088.409884
28,087,000800,1,1262,+33.515406,-088.406021
28,087,000800,2,593,+33.503680,-088.400160
28,087,000800,3,699,+33.503931,-088.405239
28,087,000800,4,962,+33.506359,-088.412719
28,087,000900,1,941,+33.522572,-088.444174
28,087,000900,2,757,+33.528076,-088.431884
28,087,000900,3,752,+33.519761,-088.430536
28,087,000900,4,640,+33.511982,-088.422137
28,087,000900,5,1705,+33.502988,-088.418227
28,087,000900,6,838,+33.501877,-088.426115
28,087,001000,1,1468,+33.460530,-088.594067
28,087,001000,2,883,+33.451333,-088.517251
28,087,001100,1,647,+33.312320,-088.467213
28,087,001100,2,1337,+33.318579,-088.621285
28,089,030101,1,1127,+32.439960,-090.133514
28,089,030101,2,2692,+32.438445,-090.115056
28,089,030101,3,2295,+32.435891,-090.093480
28,089,030101,4,1171,+32.437819,-090.082325
28,089,030104,1,1314,+32.420408,-090.118957
28,089,030104,2,1276,+32.419715,-090.110905
28,089,030105,1,643,+32.419869,-090.132511
28,089,030105,2,1115,+32.417621,-090.127512
28,089,030105,3,622,+32.404719,-090.159192
28,089,030105,4,1322,+32.407635,-090.135984
28,089,030106,1,1639,+32.409879,-090.127837
28,089,030106,2,1931,+32.411463,-090.118259
28,089,030106,3,463,+32.402002,-090.120948
28,089,030106,4,1037,+32.407255,-090.107962
28,089,030107,1,889,+32.427241,-090.079166
28,089,030107,2,1832,+32.417218,-090.099977
28,089,030108,1,957,+32.409858,-090.103310
28,089,030108,2,1714,+32.404982,-090.096861
28,089,030108,3,597,+32.409136,-090.088421
28,089,030108,4,653,+32.404841,-090.102199
28,089,030108,5,1009,+32.401970,-090.104438
28,089,030201,1,972,+32.453510,-090.082824
28,089,030201,2,2330,+32.463722,-090.081095
28,089,030201,3,1481,+32.482476,-090.041506
28,089,030201,4,2884,+32.497433,-090.071253
28,089,030202,1,1927,+32.471253,-090.098851
28,089,030202,2,1237,+32.460093,-090.096229
28,089,030202,3,1581,+32.454273,-090.103771
28,089,030203,1,863,+32.469625,-090.113368
28,089,030203,2,2079,+32.476350,-090.118169
28,089,030204,1,2017,+32.488403,-090.133354
28,089,030204,2,1836,+32.470218,-090.163930
28,089,030205,1,820,+32.441391,-090.157234
28,089,030205,2,1369,+32.438988,-090.173718
28,089,030206,1,1191,+32.420755,-090.169947
28,089,030206,2,789,+32.424154,-090.157027
28,089,030301,1,3135,+32.500766,-090.164097
28,089,030301,2,2240,+32.499751,-090.191700
28,089,030302,1,1070,+32.523387,-090.375122
28,089,030302,2,1443,+32.537964,-090.300765
28,089,030302,3,1335,+32.464308,-090.216781
28,089,030302,4,2456,+32.575984,-090.308362
28,089,030400,1,1106,+32.684474,-090.059082
28,089,030400,2,7100,+32.543957,-090.147146
28,089,030400,3,3789,+32.549298,-090.048078
28,089,030500,1,2825,+32.626542,-090.050664
28,089,030500,2,1064,+32.617937,-090.043679
28,089,030500,3,1614,+32.615978,-090.049964
28,089,030500,4,1954,+32.608571,-090.046623
28,089,030600,1,933,+32.614947,-090.023104
28,089,030600,2,2506,+32.622614,-090.021482
28,089,030700,1,849,+32.607448,-090.035252
28,089,030800,1,1443,+32.608524,-090.019585
28,089,030800,2,794,+32.600469,-090.010451
28,089,030900,1,1637,+32.686251,-089.844858
28,089,030900,2,1219,+32.672488,-089.986704
28,089,030900,3,1106,+32.564492,-089.977764
28,089,030900,4,1936,+32.623388,-089.859591
28,089,031000,1,570,+32.788485,-089.793051
28,089,031000,2,1405,+32.775764,-089.915220
28,091,950100,1,1430,+31.381816,-089.705937
28,091,950100,2,953,+31.385434,-089.790850
28,091,950100,3,1152,+31.349390,-089.869659
28,091,950100,4,1594,+31.301343,-089.789785
28,091,950100,5,947,+31.309642,-089.697333
28,091,950200,1,1941,+31.255586,-089.907226
28,091,950200,2,1717,+31.255456,-089.992730
28,091,950300,1,1425,+31.264637,-089.822150
28,091,950300,2,725,+31.261774,-089.831614
28,091,950300,3,1260,+31.271060,-089.844048
28,091,950400,1,868,+31.255643,-089.797576
28,091,950400,2,1219,+31.257317,-089.813728
28,091,950400,3,1047,+31.251080,-089.825710
28,091,950400,4,1058,+31.246174,-089.834382
28,091,950500,1,1527,+31.203569,-089.709881
28,091,950500,2,2479,+31.214601,-089.789885
28,091,950500,3,766,+31.082029,-089.725319
28,091,950600,1,1542,+31.186747,-089.885898
28,091,950600,2,1576,+31.169302,-089.955544
28,091,950600,3,1141,+31.111663,-089.870034
28,091,950600,4,721,+31.058635,-089.822105
28,093,950100,1,1254,+34.923418,-089.395441
28,093,950100,2,1216,+34.928647,-089.471323
28,093,950100,3,2501,+34.961039,-089.581447
28,093,950100,4,1728,+34.901554,-089.560819
28,093,950200,1,2425,+34.968310,-089.674270
28,093,950200,2,2285,+34.850271,-089.677057
28,093,950200,3,2042,+34.885288,-089.659695
28,093,950200,4,1648,+34.904951,-089.701683
28,093,950300,1,874,+34.830533,-089.515730
28,093,950300,2,1092,+34.747408,-089.589431
28,093,950300,3,1278,+34.799392,-089.559556
28,093,950300,4,1205,+34.847757,-089.599760
28,093,950300,5,2689,+34.790200,-089.677615
28,093,950401,1,1856,+34.779528,-089.463709
28,093,950401,2,1045,+34.765452,-089.456168
28,093,950402,1,592,+34.761531,-089.424426
28,093,950402,2,1312,+34.762245,-089.443900
28,093,950402,3,3098,+34.784798,-089.438867
28,093,950500,1,1251,+34.689212,-089.627334
28,093,950500,2,1268,+34.635998,-089.541889
28,093,950500,3,1539,+34.742725,-089.366576
28,093,950500,4,1248,+34.654080,-089.347525
28,093,950500,5,1698,+34.585969,-089.372989
28,095,950100,1,1645,+34.050443,-088.405726
28,095,950100,2,1573,+34.042235,-088.332874
28,095,950100,3,1281,+33.998704,-088.374737
28,095,950100,4,1336,+33.971712,-088.424253
28,095,950200,1,1698,+34.055062,-088.518410
28,095,950200,2,922,+34.083572,-088.622569
28,095,950200,3,1798,+34.053332,-088.639904
28,095,950200,4,2176,+33.974019,-088.597365
28,095,950200,5,772,+33.924088,-088.652485
28,095,950300,1,992,+34.002145,-088.480680
28,095,950300,2,787,+33.989801,-088.487055
28,095,950300,3,1674,+33.992141,-088.466898
28,095,950400,1,1131,+33.983439,-088.500469
28,095,950400,2,786,+33.981796,-088.484054
28,095,950400,3,1834,+33.977304,-088.467556
28,095,950501,1,2208,+33.777369,-088.399153
28,095,950501,2,1079,+33.724965,-088.404996
28,095,950502,1,1990,+33.886702,-088.348962
28,095,950502,2,2247,+33.889452,-088.478018
28,095,950600,1,1183,+33.879871,-088.622499
28,095,950600,2,1380,+33.784442,-088.669702
28,095,950600,3,738,+33.745988,-088.525761
28,095,950700,1,1712,+33.834545,-088.557821
28,095,950700,2,742,+33.832841,-088.576213
28,095,950800,1,918,+33.820930,-088.557172
28,095,950800,2,1246,+33.808320,-088.546941
28,095,950800,3,603,+33.818410,-088.548126
28,095,950800,4,538,+33.816478,-088.540890
28,097,950100,1,600,+33.618412,-089.730738
28,097,950100,2,1518,+33.566327,-089.631406
28,097,950100,3,655,+33.631687,-089.715764
28,097,950200,1,907,+33.442190,-089.681991
28,097,950200,2,984,+33.374118,-089.519325
28,097,950200,3,786,+33.444696,-089.571752
28,097,950300,1,1247,+33.492768,-089.726072
28,097,950300,2,891,+33.509604,-089.746279
28,097,950300,3,1442,+33.476733,-089.741750
28,097,950300,4,689,+33.470269,-089.726469
28,097,950300,5,1206,+33.482463,-089.726941
28,099,010100,1,928,+32.860346,-089.020866
28,099,010100,2,2174,+32.763155,-089.039092
28,099,010100,3,1580,+32.806490,-088.943006
28,099,010100,4,1349,+32.806139,-089.042083
28,099,010200,1,956,+32.890262,-089.167666
28,099,010200,2,736,+32.897402,-089.086532
28,099,010200,3,1186,+32.843742,-089.200163
28,099,010400,1,660,+32.775372,-089.101021
28,099,010400,2,808,+32.789878,-089.108520
28,099,010400,3,1429,+32.786417,-089.120743
28,099,010400,4,927,+32.776005,-089.120872
28,099,010500,1,876,+32.766871,-089.118121
28,099,010500,2,1214,+32.762622,-089.106507
28,099,010500,3,823,+32.765158,-089.095808
28,099,010600,1,569,+32.711856,-088.990949
28,099,010600,2,1770,+32.715206,-089.078113
28,099,010600,3,986,+32.596352,-089.110650
28,099,010600,4,1057,+32.632297,-089.025497
28,099,010600,5,831,+32.616483,-088.949989
28,099,010700,1,1871,+32.717706,-089.166815
28,099,010700,2,2399,+32.634765,-089.225678
28,099,010700,3,662,+32.732219,-089.274830
28,099,940100,1,1831,+32.767304,-089.243874
28,099,940100,2,2054,+32.795978,-089.243122
28,101,050100,1,1049,+32.515573,-088.954810
28,101,050100,2,671,+32.540626,-089.064750
28,101,050100,3,1561,+32.465382,-089.033406
28,101,050200,1,1434,+32.569875,-089.116534
28,101,050200,2,1195,+32.523009,-089.153049
28,101,050200,3,890,+32.544761,-089.260385
28,101,050300,1,1265,+32.440812,-089.111456
28,101,050300,2,1430,+32.404725,-089.169795
28,101,050300,3,1653,+32.457470,-089.266551
28,101,050300,4,1062,+32.366189,-089.280038
28,101,050300,5,899,+32.402623,-089.109510
28,101,050400,1,1219,+32.362207,-089.004065
28,101,050400,2,715,+32.319420,-089.022712
28,101,050400,3,987,+32.306572,-088.957029
28,101,050400,4,656,+32.287101,-089.098769
28,101,050400,5,1330,+32.306633,-089.211005
28,101,050500,1,941,+32.327731,-089.155827
28,101,050500,2,1313,+32.316864,-089.177915
28,101,050500,3,753,+32.318999,-089.152798
28,101,050500,4,697,+32.309437,-089.160695
28,103,950100,1,1325,+33.201460,-088.386231
28,103,950100,2,960,+33.203499,-088.530313
28,103,950100,3,806,+32.986216,-088.578541
28,103,950100,4,1358,+33.106946,-088.534912
28,103,950100,5,997,+33.038698,-088.455903
28,103,950200,1,1153,+33.233286,-088.579134
28,103,950200,2,1374,+33.195272,-088.618532
28,103,950200,3,1059,+33.051570,-088.714282
28,103,950300,1,796,+33.121123,-088.557613
28,103,950300,2,1717,+33.110935,-088.560055
28,105,950100,1,1432,+33.518020,-088.776119
28,105,950100,2,3631,+33.468753,-088.753074
28,105,950100,3,2548,+33.453721,-088.754094
28,105,950200,1,922,+33.510539,-088.894326
28,105,950200,2,3592,+33.452311,-088.865255
28,105,950200,3,1280,+33.537828,-089.030720
28,105,950200,4,1230,+33.485340,-089.011185
28,105,950300,1,2142,+33.475073,-088.829686
28,105,950300,2,1350,+33.474324,-088.821488
28,105,950400,1,1147,+33.480354,-088.813052
28,105,950400,2,1323,+33.475140,-088.807463
28,105,950400,3,2169,+33.459091,-088.803950
28,105,950400,4,2707,+33.461188,-088.792340
28,105,950500,1,727,+33.463232,-088.820369
28,105,950500,2,1531,+33.455742,-088.838223
28,105,950500,3,853,+33.457300,-088.825010
28,105,950500,4,901,+33.457358,-088.815674
28,105,950601,1,2878,+33.438836,-088.792173
28,105,950601,2,1874,+33.445180,-088.806756
28,105,950602,1,2345,+33.428176,-088.822616
28,105,950602,2,1660,+33.445737,-088.828120
28,105,950602,3,1609,+33.443947,-088.820917
28,105,950700,1,1622,+33.421574,-088.885000
28,105,950700,2,623,+33.398679,-089.012001
28,105,950700,3,1665,+33.343641,-088.979170
28,105,950700,4,2268,+33.376294,-088.814186
28,105,950700,5,1642,+33.367158,-088.724325
28,107,950100,1,1405,+34.517139,-089.943050
28,107,950100,2,1998,+34.496912,-090.001235
28,107,950100,3,2244,+34.484154,-090.152627
28,107,950100,4,1799,+34.386488,-089.973253
28,107,950200,1,1843,+34.433558,-089.925461
28,107,950200,2,844,+34.437150,-089.910015
28,107,950300,1,2267,+34.357237,-089.844438
28,107,950300,2,1285,+34.372262,-089.746206
28,107,950300,3,2022,+34.476937,-089.826138
28,107,950400,1,2223,+34.293197,-089.825228
28,107,950400,2,1607,+34.215587,-089.896768
28,107,950400,3,1362,+34.210707,-089.801289
28,107,950500,1,2647,+34.261244,-089.951433
28,107,950500,2,1157,+34.196265,-089.970805
28,107,950500,3,1795,+34.242640,-090.052205
28,107,950500,4,1171,+34.309473,-090.106293
28,107,950600,1,1595,+34.319978,-089.937951
28,107,950600,2,1330,+34.325894,-089.953556
28,107,950600,3,1246,+34.315907,-089.970631
28,107,950600,4,1665,+34.317031,-089.959970
28,107,950600,5,1202,+34.298676,-089.934408
28,109,950100,1,1528,+30.958603,-089.427087
28,109,950100,2,1738,+30.743110,-089.467859
28,109,950100,3,1127,+30.894468,-089.443909
28,109,950100,4,1275,+30.745423,-089.389205
28,109,950200,1,1154,+30.744168,-089.616238
28,109,950200,2,1821,+30.864849,-089.696096
28,109,950200,3,2971,+30.836786,-089.579523
28,109,950300,1,1811,+30.833604,-089.528747
28,109,950300,2,1562,+30.850367,-089.539445
28,109,950401,1,1723,+30.718861,-089.742164
28,109,950401,2,2805,+30.578341,-089.747307
28,109,950401,3,1038,+30.528583,-089.738366
28,109,950401,4,1890,+30.646822,-089.740107
28,109,950402,1,2294,+30.655869,-089.662229
28,109,950402,2,1885,+30.600825,-089.667096
28,109,950402,3,2125,+30.568206,-089.696104
28,109,950501,1,2201,+30.522094,-089.632102
28,109,950501,2,1044,+30.597639,-089.572006
28,109,950501,3,1411,+30.563766,-089.615051
28,109,950501,4,2801,+30.547806,-089.573756
28,109,950502,1,2148,+30.563557,-089.651982
28,109,950502,2,3394,+30.645653,-089.611205
28,109,950502,3,2020,+30.578984,-089.641941
28,109,950600,1,1459,+30.540553,-089.661990
28,109,950600,2,690,+30.527823,-089.671269
28,109,950600,3,1060,+30.537095,-089.681763
28,109,950600,4,1143,+30.531039,-089.693381
28,109,950700,1,1964,+30.520455,-089.676004
28,109,950700,2,2655,+30.496532,-089.703874
28,109,950700,3,783,+30.519238,-089.692598
28,109,950700,4,2314,+30.494433,-089.687626
28,111,950101,1,1405,+31.400312,-089.057571
28,111,950101,2,1137,+31.351317,-088.942492
28,111,950101,3,1511,+31.377286,-088.898795
28,111,950101,4,648,+31.342882,-089.026575
28,111,950102,1,1569,+31.306809,-089.120026
28,111,950102,2,1036,+31.298358,-089.027896
28,111,950102,3,1272,+31.217262,-088.902526
28,111,950200,1,668,+31.201647,-089.027542
28,111,950200,2,1753,+31.036463,-089.009922
28,111,950200,3,1251,+31.159832,-088.914579
28,113,950101,1,1948,+31.212203,-090.407432
28,113,950101,2,1527,+31.225046,-090.324034
28,113,950101,3,1502,+31.301136,-090.311980
28,113,950102,1,2978,+31.322582,-090.482415
28,113,950102,2,1188,+31.257842,-090.516008
28,113,950200,1,1372,+31.289653,-090.463764
28,113,950200,2,1302,+31.284758,-090.448441
28,113,950200,3,2204,+31.252883,-090.414469
28,113,950300,1,702,+31.260163,-090.449448
28,113,950300,2,1308,+31.264236,-090.456576
28,113,950300,3,819,+31.253976,-090.450591
28,113,950300,4,845,+31.250416,-090.443376
28,113,950300,5,1772,+31.235575,-090.441307
28,113,950400,1,1340,+31.251711,-090.461172
28,113,950400,2,1639,+31.257580,-090.475123
28,113,950500,1,1002,+31.218674,-090.458536
28,113,950500,2,1184,+31.200077,-090.510197
28,113,950500,3,1018,+31.232816,-090.473358
28,113,950500,4,821,+31.241642,-090.472107
28,113,950500,5,761,+31.232099,-090.463282
28,113,950500,6,707,+31.233757,-090.456001
28,113,950500,7,1231,+31.240813,-090.457638
28,113,950600,1,1559,+31.149151,-090.482470
28,113,950600,2,1663,+31.163948,-090.460320
28,113,950600,3,2296,+31.141529,-090.410830
28,113,950600,4,1496,+31.149051,-090.327590
28,113,950700,1,1520,+31.056099,-090.324064
28,113,950700,2,1039,+31.044707,-090.405917
28,113,950700,3,899,+31.020682,-090.492565
28,113,950700,4,762,+31.091645,-090.495530
28,115,950101,1,1178,+34.345422,-088.851176
28,115,950101,2,1870,+34.274747,-088.853109
28,115,950101,3,1091,+34.274111,-088.930873
28,115,950102,1,1308,+34.339565,-088.949526
28,115,950102,2,2695,+34.294971,-089.032263
28,115,950102,3,1722,+34.359523,-089.031267
28,115,950200,1,1726,+34.330352,-089.109477
28,115,950200,2,1315,+34.331799,-089.190508
28,115,950200,3,1596,+34.255734,-089.121482
28,115,950300,1,1447,+34.259189,-088.996091
28,115,950300,2,951,+34.252239,-089.009179
28,115,950300,3,1996,+34.240429,-089.019845
28,115,950300,4,1198,+34.238280,-088.985504
28,115,950400,1,2446,+34.204002,-088.900513
28,115,950400,2,1048,+34.169155,-088.983222
28,115,950400,3,1586,+34.111580,-088.917657
28,115,950500,1,2239,+34.185555,-089.058367
28,115,950500,2,1114,+34.200319,-089.165879
28,115,950500,3,1431,+34.139407,-089.146963
28,117,950100,1,848,+34.713701,-088.363542
28,117,950100,2,1503,+34.712393,-088.472937
28,117,950100,3,976,+34.707170,-088.540238
28,117,950100,4,947,+34.656883,-088.518378
28,117,950100,5,1542,+34.629343,-088.435795
28,117,950200,1,1968,+34.715202,-088.603777
28,117,950200,2,1481,+34.692260,-088.661927
28,117,950200,3,1756,+34.594350,-088.659369
28,117,950200,4,1188,+34.619372,-088.559107
28,117,950300,1,1196,+34.669206,-088.551839
28,117,950300,2,1564,+34.661820,-088.558592
28,117,950300,3,1363,+34.660580,-088.576777
28,117,950300,4,711,+34.648275,-088.570776
28,117,950300,5,764,+34.649619,-088.556474
28,117,950300,6,882,+34.646511,-088.542293
28,117,950400,1,1223,+34.544837,-088.404809
28,117,950400,2,855,+34.516517,-088.472626
28,117,950400,3,1391,+34.544704,-088.538196
28,117,950400,4,1156,+34.557007,-088.638845
28,117,950500,1,1962,+34.518914,-088.638841
28,119,950100,1,1576,+34.447154,-090.222847
28,119,950100,2,702,+34.340820,-090.295484
28,119,950200,1,796,+34.256825,-090.274301
28,119,950200,2,1015,+34.251290,-090.279082
28,119,950300,1,598,+34.257281,-090.226130
28,119,950300,2,1512,+34.210482,-090.296117
28,119,950300,3,682,+34.199915,-090.279304
28,119,950300,4,849,+34.168594,-090.174739
28,119,950300,5,493,+34.175884,-090.363658
28,121,020101,1,1572,+32.506401,-089.852785
28,121,020101,2,1937,+32.430446,-089.918219
28,121,020101,3,1263,+32.418768,-089.788109
28,121,020102,1,2249,+32.332971,-089.796343
28,121,020102,2,4607,+32.369389,-089.930318
28,121,020102,3,4201,+32.319592,-089.963460
28,121,020206,1,1113,+32.357688,-089.990604
28,121,020206,2,3086,+32.327745,-090.010902
28,121,020206,3,1004,+32.346548,-090.010174
28,121,020206,4,3200,+32.344698,-089.991387
28,121,020207,1,1734,+32.287541,-090.042253
28,121,020207,2,1915,+32.307103,-090.042067
28,121,020207,3,1184,+32.336934,-090.056464
28,121,020207,4,1507,+32.287420,-090.090222
28,121,020208,1,1183,+32.297557,-090.027779
28,121,020208,2,2918,+32.294216,-090.014758
28,121,020208,3,889,+32.301074,-090.019137
28,121,020208,4,844,+32.287475,-090.028916
28,121,020208,5,763,+32.301783,-090.023603
28,121,020209,1,1470,+32.384660,-090.032409
28,121,020209,2,1282,+32.380351,-090.001437
28,121,020209,3,931,+32.390188,-090.039974
28,121,020209,4,662,+32.377434,-090.021291
28,121,020210,1,1034,+32.450572,-089.954961
28,121,020210,2,1482,+32.398828,-089.979719
28,121,020210,3,2006,+32.413581,-090.005844
28,121,020211,1,3738,+32.363691,-090.045844
28,121,020211,2,3932,+32.370530,-090.029863
28,121,020212,1,1791,+32.371096,-090.002266
28,121,020212,2,629,+32.363853,-090.013456
28,121,020213,1,1410,+32.286468,-090.004273
28,121,020301,1,907,+32.290738,-090.112007
28,121,020301,2,1012,+32.288602,-090.106506
28,121,020301,3,1154,+32.291863,-090.097358
28,121,020302,1,1673,+32.334570,-090.107965
28,121,020302,2,1419,+32.291851,-090.138179
28,121,020302,3,4373,+32.364752,-090.064138
28,121,020401,1,2347,+32.213123,-090.170342
28,121,020401,2,2003,+32.209165,-090.156540
28,121,020402,1,656,+32.248860,-090.127593
28,121,020402,2,2859,+32.217235,-090.145105
28,121,020402,3,2488,+32.187375,-090.108248
28,121,020500,1,4579,+32.237966,-090.077501
28,121,020500,2,12,+32.229476,-090.066366
28,121,020600,1,1989,+32.257368,-090.137265
28,121,020600,2,3327,+32.262713,-090.053498
28,121,020600,3,1877,+32.253921,-090.109152
28,121,020600,4,1551,+32.263023,-090.121358
28,121,020701,1,1165,+32.275206,-090.136262
28,121,020703,1,1941,+32.278557,-090.064169
28,121,020704,1,1468,+32.275180,-090.116601
28,121,020704,2,1409,+32.275834,-090.108146
28,121,020704,3,1708,+32.273554,-090.124820
28,121,020704,4,1285,+32.270581,-090.129725
28,121,020801,1,1058,+32.285341,-089.968618
28,121,020801,2,1143,+32.275860,-089.973472
28,121,020802,1,2039,+32.265903,-089.965987
28,121,020802,2,2929,+32.243520,-090.026330
28,121,020802,3,1652,+32.254502,-089.976439
28,121,020802,4,2257,+32.236663,-090.015927
28,121,020802,5,2613,+32.267024,-090.006205
28,121,020803,1,2052,+32.204940,-089.970421
28,121,020900,1,2224,+32.263631,-089.815328
28,121,020900,2,1775,+32.196753,-089.843953
28,121,020900,3,1674,+32.090219,-089.795459
28,121,020900,4,1271,+32.115345,-089.894451
28,121,021001,1,2806,+32.179894,-090.150822
28,121,021001,2,3241,+32.152383,-090.158817
28,121,021002,1,984,+32.155022,-089.958986
28,121,021002,2,3269,+32.155330,-090.091198
28,121,021002,3,1525,+32.108191,-090.038941
28,121,021002,4,1210,+32.184790,-090.045226
28,121,021003,1,2178,+32.098256,-090.087697
28,121,021003,2,2895,+32.098388,-090.184103
28,121,980000,1,84,+32.321379,-090.060842
28,123,020100,1,708,+32.561726,-089.356910
28,123,020100,2,2067,+32.488981,-089.406210
28,123,020100,3,2057,+32.409553,-089.441368
28,123,020100,4,861,+32.413239,-089.354214
28,123,020100,5,1137,+32.376484,-089.385568
28,123,020200,1,1273,+32.476736,-089.500256
28,123,020200,2,978,+32.537628,-089.501125
28,123,020200,3,1046,+32.535763,-089.590455
28,123,020200,4,1367,+32.528087,-089.715937
28,123,020300,1,2271,+32.406449,-089.675594
28,123,020300,2,1275,+32.312965,-089.679840
28,123,020300,3,1752,+32.301484,-089.634884
28,123,020400,1,1334,+32.347085,-089.647504
28,123,020400,2,679,+32.345204,-089.664921
28,123,020400,3,1172,+32.357548,-089.657019
28,123,020500,1,1274,+32.366601,-089.456991
28,123,020500,2,1175,+32.367456,-089.470853
28,123,020500,3,1213,+32.370813,-089.485096
28,123,020500,4,1146,+32.355806,-089.474142
28,123,020600,1,1065,+32.438482,-089.497074
28,123,020600,2,1252,+32.272579,-089.525399
28,123,020600,3,1162,+32.314872,-089.376000
28,125,950100,1,538,+33.062940,-090.817786
28,125,950100,2,727,+32.973739,-090.830715
28,125,950100,3,759,+32.961628,-090.809049
28,125,950100,4,873,+32.807332,-090.907230
28,125,950200,1,1070,+32.910184,-090.874802
28,125,950200,2,949,+32.903795,-090.883780
28,127,950100,1,708,+32.005140,-089.740640
28,127,950100,2,1088,+31.999583,-089.839837
28,127,950100,3,1140,+31.936263,-089.793609
28,127,950100,4,1028,+31.933802,-089.735062
28,127,950100,5,1152,+31.935682,-089.673592
28,127,950200,1,979,+31.955137,-089.864419
28,127,950200,2,935,+31.968682,-089.876286
28,127,950200,3,525,+31.957466,-089.879056
28,127,950200,4,1142,+31.969801,-089.904886
28,127,950300,1,1673,+32.020923,-089.970375
28,127,950300,2,1642,+32.016718,-090.114407
28,127,950300,3,1225,+31.940619,-090.128860
28,127,950300,4,1641,+31.934714,-089.960830
28,127,950400,1,772,+31.832199,-089.679238
28,127,950400,2,1258,+31.809794,-089.731241
28,127,950400,3,1093,+31.845583,-089.765346
28,127,950400,4,1475,+31.894535,-089.817231
28,127,950400,5,857,+31.823310,-089.844844
28,127,950400,6,947,+31.830081,-089.915792
28,127,950400,7,668,+31.847232,-090.042981
28,127,950400,8,689,+31.787833,-090.028713
28,127,950500,1,1983,+31.870739,-089.721072
28,127,950500,2,945,+31.885172,-089.724838
28,127,950500,3,1148,+31.884797,-089.742065
28,127,950500,4,790,+31.873222,-089.740348
28,129,950100,1,991,+32.155874,-089.439292
28,129,950100,2,1042,+32.154974,-089.558600
28,129,950100,3,1711,+32.157583,-089.679865
28,129,950100,4,1637,+32.056249,-089.419052
28,129,950200,1,1304,+32.027010,-089.525533
28,129,950200,2,878,+31.985114,-089.619073
28,129,950200,3,892,+31.947845,-089.520417
28,129,950200,4,870,+31.871011,-089.537304
28,129,950200,5,1391,+31.842132,-089.620031
28,129,950200,6,751,+31.811460,-089.556537
28,129,950300,1,716,+31.975649,-089.411979
28,129,950300,2,1380,+31.904819,-089.399601
28,129,950300,3,1147,+31.832598,-089.366771
28,129,950300,4,767,+31.839107,-089.438747
28,129,950300,5,1014,+31.822564,-089.443954
28,131,020100,1,1741,+30.860227,-089.131673
28,131,020100,2,1072,+30.861205,-089.149224
28,131,020100,3,1016,+30.841289,-089.126304
28,131,020201,1,2275,+30.867738,-089.077638
28,131,020201,2,3135,+30.798466,-089.071158
28,131,020201,3,1794,+30.713040,-089.066574
28,131,020202,1,3505,+30.738218,-089.197006
28,131,020202,2,1374,+30.822585,-089.237049
28,131,020202,3,1874,+30.874746,-089.200018
28,133,950100,1,4647,+33.898947,-090.519676
28,133,950100,2,480,+33.812216,-090.528455
28,133,950100,3,655,+33.809186,-090.533720
28,133,950100,4,829,+33.825148,-090.562704
28,133,950100,5,705,+33.801881,-090.562305
28,133,950100,6,156,+33.953972,-090.493157
28,133,950200,1,1184,+33.653264,-090.628471
28,133,950200,2,1157,+33.725380,-090.553679
28,133,950200,3,958,+33.726448,-090.543702
28,133,950200,4,1303,+33.704037,-090.535363
28,133,950300,1,883,+33.544488,-090.535512
28,133,950300,2,967,+33.531016,-090.568437
28,133,950300,3,643,+33.475678,-090.686199
28,133,950401,1,1098,+33.462125,-090.644761
28,133,950401,2,617,+33.458784,-090.656373
28,133,950401,3,667,+33.454022,-090.655130
28,133,950401,4,888,+33.453498,-090.637375
28,133,950402,1,1066,+33.448511,-090.654727
28,133,950402,2,2560,+33.437706,-090.653611
28,133,950402,3,2417,+33.438359,-090.643328
28,133,950500,1,1332,+33.433315,-090.506857
28,133,950500,2,814,+33.449644,-090.500977
28,133,950500,3,853,+33.451353,-090.512044
28,133,950600,1,1113,+33.431360,-090.651945
28,133,950600,2,1458,+33.351727,-090.607563
28,135,950100,1,1376,+34.112222,-090.004235
28,135,950100,2,1815,+33.987454,-089.999733
28,135,950100,3,1143,+33.963853,-090.126334
28,135,950200,1,1204,+34.012511,-090.047594
28,135,950200,2,581,+34.011088,-090.057748
28,135,950200,3,1014,+34.004158,-090.063405
28,135,950300,1,691,+33.995545,-090.348705
28,135,950300,2,3572,+34.017838,-090.433245
28,135,950300,3,1196,+33.953361,-090.354242
28,135,950400,1,538,+33.801826,-090.176820
28,135,950400,2,1390,+33.885855,-090.300759
28,135,950400,3,858,+33.866144,-090.001163
28,137,950100,1,2007,+34.732372,-089.785976
28,137,950100,2,2321,+34.673896,-089.767715
28,137,950100,3,1308,+34.596388,-089.748655
28,137,950200,1,1499,+34.589550,-089.921757
28,137,950200,2,1393,+34.602538,-089.850131
28,137,950200,3,2376,+34.673327,-089.909570
28,137,950200,4,1401,+34.736706,-089.881646
28,137,950301,1,1574,+34.700125,-090.161465
28,137,950301,2,1427,+34.678832,-090.046263
28,137,950301,3,1647,+34.690575,-089.975446
28,137,950302,1,1988,+34.605871,-090.163255
28,137,950302,2,4081,+34.598510,-090.014660
28,137,950400,1,1822,+34.615395,-089.980168
28,137,950400,2,2127,+34.625714,-089.979698
28,137,950400,3,838,+34.624715,-089.960065
28,137,950400,4,1077,+34.615478,-089.958017
28,139,950100,1,1625,+34.958114,-088.878951
28,139,950100,2,1162,+34.948566,-088.957731
28,139,950100,3,1211,+34.868552,-088.957824
28,139,950100,4,1054,+34.910378,-088.860389
28,139,950200,1,2425,+34.767785,-088.834745
28,139,950200,2,2030,+34.784327,-088.927424
28,139,950200,3,2159,+34.762041,-088.995997
28,139,950300,1,777,+34.742295,-088.950887
28,139,950300,2,1156,+34.730729,-088.943713
28,139,950300,3,820,+34.733386,-088.959448
28,139,950400,1,852,+34.660262,-088.751373
28,139,950400,2,2061,+34.660702,-088.870407
28,139,950400,3,2011,+34.715649,-088.944535
28,139,950400,4,732,+34.699419,-089.034640
28,139,950400,5,1400,+34.642625,-089.021358
28,139,950400,6,757,+34.665902,-089.029633
28,141,950100,1,676,+34.942488,-088.226719
28,141,950100,2,1202,+34.900735,-088.301267
28,141,950100,3,1374,+34.870049,-088.190268
28,141,950200,1,938,+34.825214,-088.199880
28,141,950200,2,923,+34.809941,-088.181433
28,141,950200,3,694,+34.812817,-088.197042
28,141,950300,1,2161,+34.775289,-088.171567
28,141,950300,2,1185,+34.810990,-088.241005
28,141,950300,3,866,+34.745423,-088.255206
28,141,950300,4,1101,+34.805762,-088.335647
28,141,950300,5,924,+34.846348,-088.316347
28,141,950400,1,1374,+34.647336,-088.251105
28,141,950400,2,1084,+34.641490,-088.204167
28,141,950400,3,944,+34.555844,-088.189774
28,141,950400,4,1334,+34.524548,-088.249506
28,141,950400,5,1315,+34.512775,-088.220728
28,141,950400,6,1498,+34.493659,-088.199195
28,143,950100,1,1072,+34.527215,-090.393075
28,143,950100,2,1304,+34.649194,-090.334771
28,143,950100,3,3668,+34.807691,-090.290992
28,143,950200,1,2554,+34.689140,-090.390944
28,143,950200,2,898,+34.703825,-090.378268
28,143,950200,3,1282,+34.688021,-090.379892
28,143,980000,1,0,+34.697826,-090.345791
28,145,950100,1,1284,+34.536213,-088.785504
28,145,950100,2,2203,+34.554207,-088.964101
28,145,950100,3,961,+34.502813,-088.939826
28,145,950200,1,1643,+34.558539,-089.084020
28,145,950200,2,1529,+34.531946,-089.197730
28,145,950200,3,1908,+34.507907,-089.107058
28,145,950300,1,1443,+34.511032,-089.027279
28,145,950300,2,883,+34.504333,-089.041403
28,145,950300,3,2238,+34.476914,-089.027852
28,145,950400,1,1341,+34.492210,-088.983464
28,145,950400,2,1359,+34.493689,-089.001830
28,145,950400,3,1304,+34.477180,-089.005068
28,145,950500,1,1251,+34.451445,-088.820096
28,145,950500,2,1376,+34.454349,-088.924515
28,145,950500,3,1546,+34.416977,-088.979160
28,145,950500,4,1255,+34.391017,-088.864729
28,145,950600,1,1450,+34.411245,-089.051716
28,145,950600,2,1361,+34.430209,-089.112783
28,145,950600,3,799,+34.421532,-089.199692
28,147,950100,1,944,+31.282206,-090.089880
28,147,950100,2,1662,+31.314502,-090.199061
28,147,950100,3,1179,+31.253858,-090.193701
28,147,950100,4,1499,+31.171223,-090.219094
28,147,950100,5,1030,+31.177202,-090.148008
28,147,950100,6,749,+31.188903,-090.080121
28,147,950200,1,989,+31.121089,-090.148204
28,147,950200,2,711,+31.111097,-090.148853
28,147,950300,1,1159,+31.069159,-090.213582
28,147,950300,2,1697,+31.051512,-090.129932
28,147,950300,3,1069,+31.136372,-090.052619
28,147,950300,4,1465,+31.070357,-090.022955
28,147,950300,5,1290,+31.044387,-089.906958
28,149,950100,1,730,+32.505659,-090.961687
28,149,950100,2,1226,+32.481017,-090.718737
28,149,950100,3,2071,+32.416210,-090.778709
28,149,950100,4,1431,+32.392829,-090.854500
28,149,950200,1,960,+32.358968,-090.873854
28,149,950200,2,1059,+32.365091,-090.854216
28,149,950200,3,958,+32.357103,-090.864424
28,149,950200,4,1244,+32.353493,-090.850526
28,149,950300,1,495,+32.350409,-090.866261
28,149,950300,2,658,+32.350860,-090.875686
28,149,950300,3,472,+32.348020,-090.878985
28,149,950300,4,998,+32.346411,-090.866775
28,149,950400,1,897,+32.334907,-090.872703
28,149,950400,2,700,+32.340635,-090.871073
28,149,950400,3,474,+32.338387,-090.878678
28,149,950400,4,864,+32.339187,-090.884114
28,149,950500,1,662,+32.338361,-090.833056
28,149,950500,2,746,+32.328809,-090.869046
28,149,950500,3,950,+32.329827,-090.843877
28,149,950600,1,844,+32.320078,-090.837229
28,149,950600,2,2373,+32.317543,-090.854575
28,149,950600,3,930,+32.304996,-090.868239
28,149,950600,4,1167,+32.293208,-090.839476
28,149,950700,1,560,+32.330661,-090.881055
28,149,950700,2,712,+32.323636,-090.887779
28,149,950700,3,1273,+32.331134,-090.887309
28,149,950800,1,1753,+32.298240,-090.880918
28,149,950800,2,2344,+32.270340,-090.902793
28,149,950901,1,1017,+32.380948,-090.685370
28,149,950901,2,2561,+32.385573,-090.798697
28,149,950901,3,1632,+32.367103,-090.782574
28,149,950902,1,1936,+32.322312,-090.774810
28,149,950902,2,2057,+32.342221,-090.796067
28,149,951101,1,1674,+32.238236,-090.804649
28,149,951101,2,1490,+32.275914,-090.843504
28,149,951101,3,2108,+32.237227,-090.841653
28,149,951102,1,1925,+32.239546,-090.910946
28,149,951102,2,934,+32.234704,-090.930690
28,149,951102,3,1888,+32.197909,-090.911802
28,151,000100,1,1113,+33.341787,-090.832982
28,151,000100,2,535,+33.267776,-090.878938
28,151,000200,1,1343,+33.452871,-091.003277
28,151,000200,2,635,+33.484503,-091.051616
28,151,000300,1,1182,+33.418071,-091.026048
28,151,000300,2,1585,+33.435025,-091.033945
28,151,000300,3,816,+33.431914,-091.042971
28,151,000400,1,486,+33.417627,-091.056499
28,151,000400,2,1389,+33.417963,-091.047440
28,151,000400,3,558,+33.411467,-091.048088
28,151,000400,4,486,+33.413728,-091.057396
28,151,000600,1,481,+33.405121,-091.060998
28,151,000600,2,597,+33.406034,-091.063580
28,151,000600,3,529,+33.391958,-091.068604
28,151,000600,4,841,+33.397416,-091.062611
28,151,000600,5,538,+33.396904,-091.065910
28,151,000701,1,1517,+33.381203,-091.032561
28,151,000701,2,1307,+33.380233,-091.045558
28,151,000701,3,908,+33.380832,-091.052593
28,151,000702,1,358,+33.359845,-091.090758
28,151,000702,2,1949,+33.366224,-091.070013
28,151,000702,3,932,+33.381066,-091.064192
28,151,000702,4,630,+33.372772,-091.049003
28,151,000800,1,1390,+33.343755,-091.078869
28,151,000800,2,2003,+33.353216,-091.043131
28,151,000900,1,909,+33.393572,-091.040980
28,151,000900,2,1162,+33.393930,-091.047675
28,151,000900,3,1010,+33.388171,-091.055943
28,151,001000,1,464,+33.403862,-091.048044
28,151,001000,2,784,+33.402551,-091.053908
28,151,001100,1,706,+33.409589,-091.041656
28,151,001100,2,1086,+33.403473,-091.042342
28,151,001200,1,1284,+33.409394,-091.032506
28,151,001200,2,868,+33.403431,-091.028460
28,151,001200,3,366,+33.403319,-091.035173
28,151,001300,1,1519,+33.410035,-091.007822
28,151,001300,2,891,+33.403899,-091.017544
28,151,001400,1,1051,+33.393472,-091.007273
28,151,001400,2,962,+33.396594,-091.028589
28,151,001400,3,1436,+33.389314,-091.034502
28,151,001400,4,797,+33.389289,-091.026866
28,151,001500,1,802,+33.367061,-090.958678
28,151,001500,2,865,+33.311518,-091.059496
28,151,001500,3,1755,+33.255061,-091.018305
28,151,001500,4,897,+33.053178,-091.026074
28,151,001600,1,773,+33.412456,-090.897023
28,151,001600,2,668,+33.408983,-090.904676
28,151,001600,3,576,+33.405410,-090.909502
28,151,001700,1,1025,+33.410926,-090.888161
28,151,001700,2,732,+33.403044,-090.895943
28,151,001700,3,889,+33.400744,-090.886013
28,151,002000,1,605,+33.175954,-090.851580
28,151,002000,2,782,+33.172973,-090.860182
28,151,002100,1,1365,+33.181236,-090.863860
28,153,950100,1,1067,+31.807497,-088.609282
28,153,950100,2,1608,+31.724211,-088.597883
28,153,950100,3,1766,+31.657386,-088.575445
28,153,950100,4,997,+31.601296,-088.529283
28,153,950200,1,980,+31.688161,-088.635937
28,153,950200,2,827,+31.684334,-088.648962
28,153,950200,3,1276,+31.676990,-088.659704
28,153,950200,4,728,+31.666476,-088.650971
28,153,950200,5,1098,+31.666107,-088.637138
28,153,950300,1,1246,+31.745218,-088.883781
28,153,950300,2,886,+31.770086,-088.756860
28,153,950300,3,1706,+31.653383,-088.716353
28,153,950300,4,1347,+31.678622,-088.840485
28,153,950400,1,1106,+31.547944,-088.524290
28,153,950400,2,1170,+31.470155,-088.493741
28,153,950400,3,1629,+31.549003,-088.640594
28,153,950400,4,1310,+31.526924,-088.780132
28,155,950100,1,1913,+33.666617,-089.126379
28,155,950100,2,1426,+33.581335,-089.120563
28,155,950100,3,1204,+33.545842,-089.117405
28,155,950200,1,1078,+33.655443,-089.319998
28,155,950200,2,1598,+33.568945,-089.293977
28,155,950200,3,1218,+33.507222,-089.370978
28,155,950300,1,550,+33.543489,-089.280630
28,155,950300,2,1266,+33.533682,-089.270707
28,157,950100,1,1123,+31.273927,-091.186292
28,157,950100,2,1358,+31.081040,-091.126313
28,157,950100,3,1665,+31.084944,-091.070432
28,157,950200,1,820,+31.162668,-091.433657
28,157,950200,2,1413,+31.095301,-091.353143
28,157,950200,3,1891,+31.127951,-091.295906
28,157,950200,4,568,+31.098215,-091.300547
28,157,950200,5,1040,+31.072682,-091.260426
28,159,950100,1,1061,+33.137411,-088.895047
28,159,950100,2,1225,+33.194401,-089.010765
28,159,950100,3,1055,+33.113292,-088.964850
28,159,950200,1,1436,+33.151345,-089.138821
28,159,950200,2,717,+33.064835,-089.219488
28,159,950200,3,685,+32.979239,-089.227877
28,159,950200,4,1032,+33.000332,-089.130115
28,159,950300,1,643,+33.139220,-089.062753
28,159,950300,2,931,+33.130927,-089.067842
28,159,950300,3,616,+33.120238,-089.064810
28,159,950300,4,1739,+33.106352,-089.068854
28,159,950400,1,1226,+33.136890,-089.033938
28,159,950400,2,640,+33.123367,-089.049161
28,159,950400,3,726,+33.115475,-089.038572
28,159,950400,4,1179,+33.091204,-089.038239
28,159,950500,1,1186,+32.981978,-088.876380
28,159,950500,2,1122,+33.031394,-088.991711
28,159,950500,3,1378,+32.986224,-089.063145
28,159,950500,4,601,+32.956001,-088.950494
28,161,950100,1,1402,+34.114263,-089.590953
28,161,950100,2,1388,+33.972899,-089.629406
28,161,950100,3,799,+33.978049,-089.677701
28,161,950200,1,967,+34.167021,-089.617027
28,161,950200,2,989,+34.171084,-089.643593
28,161,950200,3,1084,+34.150644,-089.638808
28,161,950200,4,1152,+34.148246,-089.622937
28,161,950300,1,951,+34.132460,-089.795627
28,161,950300,2,788,+34.061214,-089.911820
28,161,950300,3,1098,+34.096934,-089.723072
28,161,950300,4,1150,+33.965611,-089.868437
28,161,950300,5,910,+34.011935,-089.700900
28,163,950100,1,1492,+32.869906,-090.144001
28,163,950100,2,912,+32.799651,-090.117601
28,163,950100,3,4158,+32.888375,-090.423923
28,163,950100,4,1279,+32.896501,-090.325127
28,163,950200,1,744,+32.873222,-090.388379
28,163,950200,2,1109,+32.852944,-090.393958
28,163,950200,3,456,+32.855688,-090.394822
28,163,950200,4,899,+32.857553,-090.400705
28,163,950300,1,1317,+32.875512,-090.397306
28,163,950300,2,1500,+32.863389,-090.415975
28,163,950300,3,809,+32.865313,-090.405503
28,163,950300,4,986,+32.860629,-090.406333
28,163,950400,1,637,+32.871020,-090.600158
28,163,950400,2,1196,+32.629495,-090.533725
28,163,950500,1,1944,+32.847447,-090.424155
28,163,950500,2,1480,+32.855232,-090.412496
28,163,950500,3,1139,+32.844164,-090.411560
28,163,950600,1,1259,+32.737009,-090.245216
28,163,950600,2,1871,+32.803389,-090.359272
28,163,950600,3,827,+32.772644,-090.436754
28,163,950600,4,836,+32.633173,-090.388488
28,163,950600,5,1215,+32.698513,-090.359985
