STATEFP,COUNTYFP,TRACTCE,BLKGRPCE,POPULATION,LATITUDE,LONGITUDE
33,001,965100,1,1096,+43.696237,-071.507979
33,001,965100,2,1134,+43.655183,-071.602816
33,001,965100,3,1031,+43.599392,-071.663721
33,001,965200,1,1087,+43.659113,-071.456291
33,001,965200,2,1833,+43.665229,-071.497475
33,001,965300,1,965,+43.603249,-071.551143
33,001,965300,2,1369,+43.631525,-071.517966
33,001,965300,3,987,+43.646504,-071.498351
33,001,965400,1,936,+43.525874,-071.528035
33,001,965400,2,2030,+43.521717,-071.608993
33,001,965598,1,1352,+43.445837,-071.598039
33,001,965598,2,1196,+43.461396,-071.588529
33,001,965598,3,1019,+43.477984,-071.541607
33,001,965600,1,1282,+43.406852,-071.417901
33,001,965600,2,1512,+43.427082,-071.365559
33,001,965600,3,983,+43.437748,-071.311654
33,001,965700,1,2020,+43.378688,-071.231939
33,001,965700,2,1420,+43.333267,-071.247363
33,001,965700,3,1153,+43.366588,-071.283921
33,001,965800,1,1922,+43.482883,-071.441264
33,001,965800,2,1447,+43.495492,-071.485009
33,001,965800,3,2163,+43.442600,-071.480188
33,001,965800,4,1824,+43.470548,-071.503033
33,001,965900,1,1000,+43.515539,-071.459353
33,001,965900,2,751,+43.526035,-071.465509
33,001,965900,3,859,+43.530176,-071.464021
33,001,965900,4,1245,+43.524918,-071.457332
33,001,966000,1,846,+43.518156,-071.466721
33,001,966000,2,665,+43.519782,-071.474081
33,001,966000,3,918,+43.528278,-071.474534
33,001,966000,4,2647,+43.545633,-071.488595
33,001,966100,1,1013,+43.533182,-071.468696
33,001,966100,2,1236,+43.549871,-071.475908
33,001,966100,3,792,+43.556284,-071.466276
33,001,966100,4,1074,+43.583020,-071.475196
33,001,966200,1,427,+43.533986,-071.457646
33,001,966200,2,1394,+43.545798,-071.460446
33,001,966200,3,890,+43.588259,-071.445821
33,001,966200,4,194,+43.613283,-071.467779
33,001,966401,1,1108,+43.583460,-071.406557
33,001,966402,1,1081,+43.544275,-071.446230
33,001,966402,2,1254,+43.560874,-071.414494
33,001,966402,3,1510,+43.562286,-071.360104
33,001,966402,4,836,+43.530818,-071.421333
33,001,966402,5,1337,+43.528773,-071.380388
33,001,966500,1,1523,+43.413406,-071.222840
33,001,966500,2,1248,+43.470251,-071.201445
33,001,966500,3,1240,+43.498864,-071.240603
33,001,966500,4,1239,+43.491541,-071.275137
33,003,955100,1,1753,+44.137232,-071.209168
33,003,955100,2,888,+44.070086,-071.243850
33,003,955100,3,1124,+44.100056,-071.140842
33,003,955300,1,1402,+44.061257,-071.041733
33,003,955300,2,1142,+44.034891,-071.147144
33,003,955300,3,1053,+44.064546,-071.128018
33,003,955300,4,621,+44.018825,-071.124592
33,003,955300,5,1203,+44.006413,-071.107801
33,003,955300,6,611,+44.051056,-071.120792
33,003,955400,1,730,+43.985543,-071.130119
33,003,955400,2,670,+43.972231,-071.129824
33,003,955400,3,1011,+43.959825,-071.103170
33,003,955400,4,709,+43.975944,-071.071661
33,003,955400,5,1300,+43.990739,-071.035372
33,003,955500,1,1480,+43.881056,-071.132111
33,003,955500,2,1415,+43.927326,-071.149953
33,003,955600,1,2230,+43.900470,-071.227370
33,003,955600,2,1361,+43.839738,-071.257817
33,003,955600,3,1326,+43.822685,-071.417489
33,003,955800,1,1465,+43.747562,-071.051049
33,003,955800,2,1489,+43.816239,-071.071124
33,003,955900,1,1541,+43.705172,-071.132029
33,003,955900,2,1156,+43.759467,-071.179125
33,003,955900,3,1648,+43.761975,-071.126218
33,003,956000,1,1194,+43.572986,-071.060910
33,003,956000,2,1209,+43.607993,-071.022592
33,003,956000,3,2321,+43.594396,-070.996188
33,003,956000,4,1066,+43.534983,-071.029652
33,003,956100,1,1156,+43.619089,-071.200200
33,003,956100,2,1000,+43.597396,-071.225059
33,003,956100,3,1186,+43.588007,-071.236944
33,003,956100,4,1369,+43.565785,-071.179743
33,003,956100,5,1558,+43.609571,-071.157655
33,003,956300,1,1052,+43.711724,-071.371320
33,003,956300,2,1236,+43.746958,-071.378668
33,003,956300,3,656,+43.734173,-071.457279
33,003,956300,4,1100,+43.688999,-071.402505
33,003,956400,1,1044,+43.689416,-071.260146
33,003,956400,2,1015,+43.651966,-071.245371
33,003,956400,3,328,+43.657729,-071.297128
33,005,970100,1,1545,+43.026392,-072.296246
33,005,970100,2,949,+43.101629,-072.315391
33,005,970100,3,988,+43.146512,-072.342530
33,005,970100,4,742,+43.133667,-072.209114
33,005,970200,1,961,+43.140984,-072.442927
33,005,970200,2,1488,+43.096283,-072.412883
33,005,970200,3,1285,+43.048260,-072.414316
33,005,970400,1,1232,+43.076364,-072.107187
33,005,970400,2,1635,+42.994847,-072.181775
33,005,970400,3,961,+42.940479,-072.098359
33,005,970400,4,1597,+42.897550,-072.047140
33,005,970500,1,2136,+42.822707,-072.049101
33,005,970500,2,1524,+42.802523,-072.013435
33,005,970500,3,1797,+42.823497,-072.013342
33,005,970600,1,2403,+42.775222,-072.024076
33,005,970600,2,2204,+42.748254,-072.043046
33,005,970600,3,1407,+42.733377,-071.979724
33,005,970700,1,762,+42.769950,-072.118199
33,005,970700,2,783,+42.752229,-072.139426
33,005,970700,3,851,+42.759600,-072.177141
33,005,970700,4,1155,+42.759913,-072.265605
33,005,970800,1,847,+42.896040,-072.210293
33,005,970800,2,1206,+42.899805,-072.189585
33,005,970800,3,897,+42.831605,-072.175806
33,005,970800,4,1258,+42.824354,-072.191610
33,005,970900,1,1332,+42.872530,-072.337568
33,005,970900,2,2358,+42.890205,-072.259909
33,005,970900,3,1996,+42.849297,-072.280071
33,005,970900,4,1544,+42.861642,-072.325408
33,005,971000,1,1451,+42.943954,-072.308674
33,005,971000,2,1236,+42.963031,-072.286926
33,005,971000,3,1982,+42.963839,-072.312046
33,005,971000,4,933,+42.962245,-072.321615
33,005,971100,1,1213,+42.926812,-072.261667
33,005,971100,2,1254,+42.933069,-072.270540
33,005,971100,3,899,+42.936014,-072.273481
33,005,971100,4,902,+42.945394,-072.264306
33,005,971100,5,893,+42.948200,-072.272451
33,005,971300,1,956,+42.942601,-072.285791
33,005,971300,2,853,+42.942160,-072.280804
33,005,971300,3,863,+42.938112,-072.279311
33,005,971300,4,649,+42.935884,-072.283554
33,005,971401,1,1002,+42.929839,-072.279975
33,005,971401,2,3366,+42.925277,-072.278120
33,005,971401,3,996,+42.915198,-072.288831
33,005,971402,1,1039,+42.927468,-072.294137
33,005,971402,2,1458,+42.936686,-072.319209
33,005,971402,3,1464,+42.947413,-072.327068
33,005,971500,1,1874,+42.966857,-072.438291
33,005,971500,2,710,+42.918605,-072.421961
33,005,971500,3,1068,+42.893559,-072.408344
33,005,971500,4,1826,+42.899169,-072.499628
33,005,971600,1,1217,+42.824250,-072.521991
33,005,971600,2,2149,+42.799510,-072.495075
33,005,971600,3,680,+42.779175,-072.485483
33,005,971700,1,1397,+42.800127,-072.388888
33,005,971700,2,1036,+42.760102,-072.419873
33,005,971700,3,1113,+42.758453,-072.370274
33,005,971700,4,795,+42.784681,-072.373794
33,007,950100,1,425,+45.034761,-071.385087
33,007,950100,2,709,+45.079297,-071.379381
33,007,950100,3,1004,+44.977488,-071.481215
33,007,950200,1,1638,+44.897958,-071.453174
33,007,950200,2,663,+44.890369,-071.496201
33,007,950200,3,757,+44.835341,-071.485397
33,007,950300,1,672,+44.719788,-071.183565
33,007,950300,2,1337,+44.568802,-071.214082
33,007,950400,1,1306,+44.667821,-071.494948
33,007,950400,2,1011,+44.568762,-071.525315
33,007,950400,3,670,+44.605176,-071.514800
33,007,950400,4,607,+44.601444,-071.524682
33,007,950500,1,1177,+44.499881,-071.562235
33,007,950500,2,1223,+44.484645,-071.583186
33,007,950500,3,1107,+44.476017,-071.533961
33,007,950600,1,1718,+44.498544,-071.151903
33,007,950600,2,1141,+44.468751,-071.168032
33,007,950600,3,750,+44.473832,-071.177230
33,007,950600,4,719,+44.463181,-071.174762
33,007,950700,1,587,+44.479537,-071.172169
33,007,950700,2,546,+44.488232,-071.168177
33,007,950700,3,721,+44.493112,-071.169748
33,007,950700,4,590,+44.476695,-071.181864
33,007,950700,5,762,+44.485517,-071.186256
33,007,950800,1,835,+44.468830,-071.185039
33,007,950800,2,973,+44.467551,-071.204069
33,007,950800,3,709,+44.471898,-071.188974
33,007,950900,1,822,+44.382414,-071.134866
33,007,950900,2,649,+44.386075,-071.193712
33,007,950900,3,917,+44.411266,-071.210995
33,007,950900,4,842,+44.403652,-071.183661
33,007,951000,1,1099,+44.406048,-071.472492
33,007,951000,2,1084,+44.312654,-071.460020
33,007,951100,1,1126,+44.363323,-071.621649
33,007,951100,2,1180,+44.383938,-071.593044
33,007,951100,3,979,+44.395975,-071.671447
33,009,960100,1,1191,+44.302857,-071.767359
33,009,960100,2,1690,+44.311013,-071.752973
33,009,960100,3,824,+44.308802,-071.777697
33,009,960100,4,1213,+44.338962,-071.776073
33,009,960100,5,1010,+44.304797,-071.831238
33,009,960200,1,1667,+44.214587,-071.757695
33,009,960200,2,1305,+44.270882,-071.691155
33,009,960200,3,1221,+44.294139,-071.684346
33,009,960300,1,643,+44.221108,-071.886461
33,009,960300,2,952,+44.233462,-071.893168
33,009,960300,3,1321,+44.272863,-071.985625
33,009,960300,4,1746,+44.166282,-071.929103
33,009,960400,1,655,+44.044564,-071.670953
33,009,960400,2,1254,+44.042720,-071.630483
33,009,960400,3,2490,+43.900405,-071.643582
33,009,960500,1,961,+44.041430,-071.771114
33,009,960500,2,777,+43.996349,-071.691023
33,009,960500,3,904,+43.937460,-071.886380
33,009,960600,1,456,+44.113657,-071.955027
33,009,960600,2,1770,+44.052407,-072.018192
33,009,960600,3,2471,+44.127584,-072.026859
33,009,960700,1,2027,+43.931146,-072.083714
33,009,960700,2,911,+43.865558,-071.913765
33,009,960800,1,2163,+43.831282,-071.635437
33,009,960800,2,1170,+43.830047,-071.690893
33,009,960800,3,743,+43.796404,-071.830365
33,009,960800,4,820,+43.827021,-071.799230
33,009,960900,1,1550,+43.729546,-071.853956
33,009,960900,2,952,+43.827576,-072.139217
33,009,960900,3,764,+43.787011,-072.156458
33,009,961000,1,2571,+43.761910,-071.690947
33,009,961000,2,1486,+43.755592,-071.691421
33,009,961000,3,873,+43.777834,-071.709673
33,009,961000,4,2060,+43.744238,-071.709094
33,009,961100,1,547,+43.691824,-071.632605
33,009,961100,2,727,+43.722521,-071.650270
33,009,961100,3,802,+43.703867,-071.623957
33,009,961100,4,2108,+43.747194,-071.615351
33,009,961200,1,1083,+43.663591,-071.708832
33,009,961200,2,773,+43.582220,-071.738801
33,009,961200,3,663,+43.605656,-071.748509
33,009,961200,4,1417,+43.612274,-071.710362
33,009,961200,5,201,+43.632019,-071.763364
33,009,961300,1,1613,+43.604227,-071.797617
33,009,961300,2,877,+43.605580,-071.948810
33,009,961300,3,794,+43.572248,-071.982486
33,009,961400,1,1228,+43.680254,-072.009909
33,009,961400,2,1525,+43.645939,-072.039872
33,009,961400,3,1156,+43.685351,-072.085073
33,009,961500,1,1088,+43.645770,-072.146600
33,009,961500,2,1555,+43.613077,-072.099484
33,009,961500,3,1939,+43.600431,-072.134251
33,009,961601,1,1346,+43.740475,-072.210229
33,009,961601,2,1278,+43.697068,-072.211212
33,009,961602,1,905,+43.699136,-072.293903
33,009,961602,2,1141,+43.697335,-072.284854
33,009,961602,3,928,+43.700308,-072.272653
33,009,961602,4,4672,+43.707376,-072.285514
33,009,961602,5,990,+43.721960,-072.271945
33,009,961700,1,901,+43.649878,-072.203903
33,009,961700,2,1034,+43.645392,-072.246957
33,009,961700,3,1121,+43.662808,-072.249059
33,009,961700,4,1992,+43.647856,-072.303144
33,009,961700,5,1218,+43.659924,-072.305537
33,009,961700,6,1306,+43.669750,-072.281105
33,009,961800,1,1527,+43.644192,-072.259350
33,009,961800,2,1206,+43.637457,-072.240645
33,009,961800,3,574,+43.627282,-072.196589
33,009,961800,4,695,+43.638805,-072.253945
33,009,961800,5,1577,+43.621834,-072.269215
33,011,000101,1,2170,+43.010795,-071.465087
33,011,000101,2,746,+43.018924,-071.456526
33,011,000102,1,2856,+43.025307,-071.467707
33,011,000102,2,2168,+43.028695,-071.459632
33,011,000202,1,1509,+43.001957,-071.488939
33,011,000202,2,788,+42.997875,-071.481112
33,011,000203,1,1242,+43.026060,-071.478432
33,011,000203,2,1812,+43.026013,-071.484325
33,011,000204,1,1671,+43.013476,-071.488174
33,011,000204,2,782,+43.010737,-071.489551
33,011,000204,3,2340,+43.045376,-071.493311
33,011,000300,1,636,+42.995428,-071.477003
33,011,000300,2,1314,+42.995211,-071.485708
33,011,000300,3,931,+42.994331,-071.478548
33,011,000600,1,1311,+43.003041,-071.461984
33,011,000600,2,937,+42.997051,-071.459515
33,011,000700,1,1350,+43.007137,-071.453379
33,011,000700,2,769,+43.002818,-071.455365
33,011,000700,3,990,+43.001302,-071.452595
33,011,000800,1,959,+42.997705,-071.447395
33,011,000800,2,730,+42.998229,-071.452670
33,011,000800,3,689,+42.996066,-071.453532
33,011,000901,1,674,+43.013021,-071.446897
33,011,000901,2,952,+43.005113,-071.441491
33,011,000901,3,689,+43.015410,-071.441870
33,011,000901,4,1208,+43.005394,-071.435084
33,011,000902,1,587,+43.010865,-071.412394
33,011,000902,2,2504,+43.001330,-071.415740
33,011,000902,3,2325,+43.009913,-071.429827
33,011,001000,1,963,+42.998468,-071.404801
33,011,001000,2,1179,+42.991257,-071.406422
33,011,001000,3,1156,+42.974174,-071.406339
33,011,001000,4,2729,+42.947653,-071.386801
33,011,001100,1,1400,+42.991755,-071.424693
33,011,001100,2,874,+42.985264,-071.425150
33,011,001100,3,602,+42.982128,-071.427942
33,011,001100,4,724,+42.977912,-071.426240
33,011,001100,5,1713,+42.974922,-071.418861
33,011,001200,1,987,+42.992848,-071.440664
33,011,001200,2,932,+42.988701,-071.440737
33,011,001300,1,821,+42.993121,-071.455290
33,011,001300,2,1656,+42.993138,-071.451042
33,011,001300,3,674,+42.993270,-071.447011
33,011,001400,1,1114,+42.990567,-071.458676
33,011,001400,2,1143,+42.984323,-071.458643
33,011,001500,1,1130,+42.988989,-071.455155
33,011,001500,2,738,+42.986050,-071.454228
33,011,001500,3,1119,+42.984683,-071.456434
33,011,001600,1,689,+42.989234,-071.446770
33,011,001600,2,1094,+42.984495,-071.448940
33,011,001600,3,759,+42.989168,-071.451520
33,011,001600,4,663,+42.988830,-071.449477
33,011,001600,5,805,+42.986305,-071.447815
33,011,001700,1,979,+42.983894,-071.437479
33,011,001700,2,1247,+42.984812,-071.442765
33,011,001800,1,914,+42.978862,-071.434925
33,011,001800,2,682,+42.974965,-071.433726
33,011,001800,3,1150,+42.977784,-071.447515
33,011,001800,4,1058,+42.974444,-071.449574
33,011,001800,5,1137,+42.978732,-071.441656
33,011,001800,6,789,+42.975164,-071.441615
33,011,001900,1,1948,+42.978188,-071.453564
33,011,001900,2,1442,+42.977480,-071.461934
33,011,002000,1,933,+42.981473,-071.472209
33,011,002000,2,1275,+42.983635,-071.476987
33,011,002100,1,1641,+42.990454,-071.476461
33,011,002100,2,684,+42.988174,-071.482861
33,011,002100,3,1426,+42.991808,-071.484567
33,011,002100,4,1031,+42.986997,-071.477407
33,011,002200,1,923,+42.989962,-071.494235
33,011,002200,2,582,+42.978285,-071.488881
33,011,002200,3,857,+42.983229,-071.492246
33,011,002200,4,870,+42.979978,-071.482409
33,011,002300,1,1480,+42.975389,-071.476685
33,011,002300,2,668,+42.967449,-071.486440
33,011,002300,3,832,+42.972043,-071.488441
33,011,002300,4,778,+42.975510,-071.481681
33,011,002400,1,1276,+42.968664,-071.459688
33,011,002400,2,725,+42.963605,-071.456811
33,011,002400,3,909,+42.958767,-071.458466
33,011,002400,4,2182,+42.965673,-071.465887
33,011,002400,5,1293,+42.958921,-071.452235
33,011,002400,6,733,+42.953658,-071.453553
33,011,002500,1,1574,+42.967964,-071.429538
33,011,002500,2,964,+42.962505,-071.434261
33,011,002500,3,950,+42.970581,-071.441820
33,011,002500,4,1717,+42.968391,-071.446442
33,011,002600,1,963,+42.943599,-071.403683
33,011,002600,2,1370,+42.953387,-071.417580
33,011,002600,3,1212,+42.944858,-071.449359
33,011,002600,4,2201,+42.908926,-071.448507
33,011,002701,1,2243,+43.002148,-071.594116
33,011,002701,2,1564,+43.029232,-071.611751
33,011,002702,1,1208,+43.041886,-071.567129
33,011,002702,2,3228,+43.031620,-071.528923
33,011,002702,3,1593,+43.022809,-071.589685
33,011,002800,1,1969,+42.993893,-071.514749
33,011,002800,2,2531,+42.991091,-071.511365
33,011,002800,3,1193,+42.994885,-071.544231
33,011,002800,4,1039,+42.988422,-071.504446
33,011,002800,5,1083,+43.008874,-071.526278
33,011,002901,1,1565,+42.928079,-071.459348
33,011,002901,2,1773,+42.946810,-071.494985
33,011,002901,3,2206,+42.923951,-071.487060
33,011,002901,4,1542,+42.918734,-071.510276
33,011,002902,1,1323,+42.973153,-071.499112
33,011,002902,2,1533,+42.960257,-071.487586
33,011,002902,3,3401,+42.964892,-071.546411
33,011,002903,1,2322,+42.953103,-071.567002
33,011,002903,2,3123,+42.929273,-071.555633
33,011,002903,3,880,+42.916700,-071.524386
33,011,002903,4,1535,+42.907763,-071.549522
33,011,010100,1,607,+42.793001,-071.467175
33,011,010100,2,791,+42.786140,-071.464450
33,011,010100,3,1016,+42.783758,-071.473522
33,011,010100,4,2115,+42.784645,-071.487105
33,011,010100,5,816,+42.776786,-071.481526
33,011,010200,1,2801,+42.792466,-071.523408
33,011,010200,2,1867,+42.793011,-071.512593
33,011,010200,3,2478,+42.788410,-071.501437
33,011,010301,1,2250,+42.764323,-071.513387
33,011,010301,2,2583,+42.752264,-071.522540
33,011,010302,1,1879,+42.771198,-071.500873
33,011,010302,2,2358,+42.757228,-071.506002
33,011,010400,1,1077,+42.773012,-071.459181
33,011,010400,2,948,+42.770227,-071.468963
33,011,010400,3,670,+42.774196,-071.469019
33,011,010400,4,1303,+42.766472,-071.479775
33,011,010400,5,981,+42.772679,-071.481893
33,011,010500,1,751,+42.768374,-071.459305
33,011,010500,2,649,+42.767638,-071.464178
33,011,010500,3,670,+42.765760,-071.470373
33,011,010500,4,719,+42.765456,-071.458827
33,011,010500,5,1114,+42.765083,-071.464771
33,011,010600,1,1384,+42.761918,-071.457408
33,011,010600,2,1619,+42.757119,-071.452858
33,011,010600,3,1408,+42.752253,-071.451345
33,011,010600,4,1149,+42.757535,-071.446879
33,011,010700,1,654,+42.759490,-071.465723
33,011,010700,2,916,+42.755040,-071.460349
33,011,010800,1,1388,+42.756692,-071.479050
33,011,010800,2,916,+42.754006,-071.480773
33,011,010800,3,1285,+42.757062,-071.470765
33,011,010800,4,1675,+42.755292,-071.469484
33,011,010800,5,1248,+42.753668,-071.467723
33,011,010800,6,1071,+42.750601,-071.465627
33,011,010900,1,741,+42.749335,-071.484796
33,011,010900,2,1456,+42.750527,-071.473535
33,011,010900,3,1127,+42.746049,-071.471796
33,011,010900,4,1835,+42.744166,-071.482210
33,011,010900,5,1024,+42.739884,-071.474014
33,011,011000,1,1661,+42.739215,-071.446027
33,011,011000,2,1142,+42.731745,-071.449299
33,011,011000,3,1593,+42.742921,-071.459039
33,011,011000,4,707,+42.741137,-071.465526
33,011,011101,1,1836,+42.705482,-071.456588
33,011,011101,2,1303,+42.702717,-071.459399
33,011,011102,1,1941,+42.717054,-071.445988
33,011,011102,2,1417,+42.707779,-071.446900
33,011,011200,1,2441,+42.722984,-071.465330
33,011,011200,2,1164,+42.723829,-071.469394
33,011,011200,3,2755,+42.708785,-071.478224
33,011,011300,1,665,+42.731439,-071.476039
33,011,011300,2,1460,+42.730226,-071.485822
33,011,011300,3,1662,+42.721709,-071.483604
33,011,011300,4,737,+42.721342,-071.490497
33,011,011401,1,2075,+42.728371,-071.514519
33,011,011401,2,1492,+42.708968,-071.512160
33,011,011401,3,1616,+42.737857,-071.507085
33,011,011402,1,698,+42.742089,-071.500165
33,011,011402,2,2361,+42.733630,-071.495917
33,011,011402,3,1999,+42.720167,-071.498536
33,011,011500,1,1719,+42.738990,-071.520192
33,011,011500,2,711,+42.719768,-071.530492
33,011,012100,1,1460,+42.781275,-071.401839
33,011,012100,2,3526,+42.787993,-071.437601
33,011,012100,3,1704,+42.797820,-071.399515
33,011,012100,4,1511,+42.809472,-071.386814
33,011,012200,1,1346,+42.772286,-071.429866
33,011,012200,2,1261,+42.773646,-071.446014
33,011,012200,3,1044,+42.765476,-071.430822
33,011,012200,4,1786,+42.759004,-071.430395
33,011,012200,5,1899,+42.750808,-071.430391
33,011,012300,1,1660,+42.729162,-071.394034
33,011,012300,2,3312,+42.769882,-071.389460
33,011,012300,3,1608,+42.708214,-071.413987
33,011,012300,4,2350,+42.732811,-071.415586
33,011,013100,1,1636,+42.845977,-071.456767
33,011,013100,2,3067,+42.871749,-071.456259
33,011,013100,3,1740,+42.830895,-071.453041
33,011,013100,4,1828,+42.813644,-071.443474
33,011,014100,1,1535,+42.897340,-071.463894
33,011,014100,2,1920,+42.874764,-071.485838
33,011,014100,3,939,+42.850142,-071.492422
33,011,014100,4,1237,+42.808519,-071.483749
33,011,014201,1,2052,+42.888292,-071.553766
33,011,014201,2,1409,+42.863609,-071.552650
33,011,014201,3,2415,+42.875505,-071.524908
33,011,014202,1,2833,+42.899171,-071.488245
33,011,014202,2,2376,+42.874413,-071.508740
33,011,014202,3,1053,+42.883617,-071.492082
33,011,014300,1,1890,+42.816183,-071.547125
33,011,014300,2,1170,+42.839381,-071.540087
33,011,014300,3,1117,+42.820960,-071.512498
33,011,014300,4,908,+42.831169,-071.516449
33,011,014300,5,2640,+42.851011,-071.510658
33,011,015100,1,1347,+42.916741,-071.600068
33,011,015100,2,1747,+42.874607,-071.625370
33,011,015100,3,2171,+42.854875,-071.638182
33,011,015200,1,1002,+42.882163,-071.592933
33,011,015200,2,1258,+42.851916,-071.599665
33,011,015200,3,1843,+42.834506,-071.584982
33,011,015200,4,1833,+42.813313,-071.582673
33,011,016100,1,1154,+42.838980,-071.643919
33,011,016100,2,1835,+42.850417,-071.676222
33,011,016201,1,2318,+42.833366,-071.671616
33,011,016201,2,773,+42.837666,-071.663349
33,011,016201,3,824,+42.825079,-071.651836
33,011,016201,4,743,+42.831157,-071.637747
33,011,016201,5,2359,+42.827101,-071.639402
33,011,016202,1,2412,+42.805008,-071.643326
33,011,016202,2,2697,+42.813744,-071.696385
33,011,017100,1,1174,+42.720720,-071.548574
33,011,017100,2,2334,+42.724413,-071.589307
33,011,017100,3,1165,+42.764746,-071.547016
33,011,017100,4,1719,+42.782075,-071.594455
33,011,017100,5,1292,+42.753427,-071.577036
33,011,018000,1,3005,+42.743140,-071.652956
33,011,018000,2,1986,+42.734438,-071.685895
33,011,018501,1,1177,+42.743718,-071.795226
33,011,018501,2,928,+42.770191,-071.808221
33,011,018502,1,1382,+42.740432,-071.750516
33,011,019000,1,1303,+42.843400,-071.741359
33,011,019000,2,2374,+42.831195,-071.761661
33,011,019501,1,1683,+42.896124,-071.771880
33,011,019502,1,2409,+42.898831,-071.680614
33,011,020000,1,3024,+42.999515,-071.685960
33,011,020000,2,2297,+42.957947,-071.670203
33,011,021000,1,2999,+43.112736,-071.704187
33,011,021000,2,2264,+43.039398,-071.720813
33,011,021000,3,2148,+43.097013,-071.767484
33,011,021000,4,1374,+43.056082,-071.662245
33,011,021500,1,1912,+43.077288,-071.861216
33,011,021500,2,1562,+42.992368,-071.817604
33,011,021500,3,1476,+43.010156,-071.912860
33,011,022000,1,1749,+42.942518,-071.871584
33,011,022500,1,1718,+42.817128,-071.867993
33,011,022500,2,2565,+42.758349,-071.849590
33,011,022500,3,2534,+42.743468,-071.890548
33,011,023000,1,1893,+42.915726,-071.940443
33,011,023000,2,788,+42.889658,-071.914912
33,011,023000,3,1455,+42.864978,-071.956701
33,011,023000,4,1292,+42.885634,-071.967388
33,011,023000,5,856,+42.876060,-071.942980
33,011,024000,1,1654,+42.975264,-071.978609
33,011,025000,1,1418,+43.033372,-071.943768
33,011,025000,2,1219,+43.068274,-071.965565
33,011,025500,1,644,+43.116141,-071.892614
33,011,025500,2,1332,+43.113094,-071.899710
33,011,025500,3,1938,+43.127548,-071.961734
33,011,025500,4,2321,+43.143445,-071.895440
33,011,200100,1,3380,+42.752963,-071.343239
33,011,200100,2,1142,+42.708750,-071.368079
33,011,200200,1,782,+42.707504,-071.332682
33,011,200200,2,3310,+42.739140,-071.321421
33,011,200300,1,2546,+42.735131,-071.279942
33,011,200300,2,1737,+42.712831,-071.303037
33,011,200400,1,1396,+42.997609,-071.463749
33,011,200400,2,1471,+42.991024,-071.464364
33,011,980101,1,0,+42.936784,-071.438453
33,013,003001,1,1061,+43.097372,-071.470861
33,013,003001,2,1636,+43.073611,-071.455396
33,013,003001,3,1471,+43.069918,-071.486369
33,013,003006,1,1852,+43.032470,-071.440018
33,013,003006,2,1785,+43.031629,-071.425720
33,013,003100,1,2147,+43.139529,-071.391271
33,013,003100,2,1416,+43.124362,-071.452197
33,013,003100,3,759,+43.128784,-071.439049
33,013,003200,1,759,+43.206458,-071.462244
33,013,003200,2,1314,+43.169822,-071.433640
33,013,003200,3,1655,+43.163902,-071.471725
33,013,003200,4,1586,+43.140070,-071.460070
33,013,003200,5,1801,+43.136681,-071.447681
33,013,030000,1,1436,+43.114098,-071.633467
33,013,030000,2,1322,+43.091492,-071.579148
33,013,031001,1,841,+43.139805,-071.501404
33,013,031001,2,1321,+43.105840,-071.522965
33,013,031001,3,1712,+43.147616,-071.525446
33,013,031002,1,2333,+43.137999,-071.582303
33,013,031002,2,1312,+43.151820,-071.550590
33,013,032100,1,1423,+43.187049,-071.546775
33,013,032100,2,1683,+43.188962,-071.536705
33,013,032100,3,774,+43.179599,-071.537964
33,013,032200,1,1838,+43.198176,-071.537301
33,013,032200,2,968,+43.194424,-071.530416
33,013,032300,1,1756,+43.203869,-071.541390
33,013,032400,1,707,+43.219174,-071.533643
33,013,032400,2,975,+43.212202,-071.543672
33,013,032400,3,1014,+43.208475,-071.541337
33,013,032400,4,897,+43.210273,-071.547377
33,013,032500,1,1958,+43.203980,-071.570443
33,013,032500,2,1950,+43.186116,-071.564972
33,013,032600,1,863,+43.237897,-071.560523
33,013,032600,2,3266,+43.226903,-071.570513
33,013,032701,1,1583,+43.269764,-071.614852
33,013,032706,1,2965,+43.262005,-071.577195
33,013,032706,2,922,+43.278667,-071.595070
33,013,032800,1,2372,+43.242970,-071.513919
33,013,032800,2,1700,+43.275076,-071.549895
33,013,032800,3,1028,+43.230321,-071.516494
33,013,032900,1,770,+43.224878,-071.493254
33,013,032900,2,1684,+43.222218,-071.501690
33,013,032900,3,1800,+43.216945,-071.510213
33,013,033000,1,1037,+43.278438,-071.379282
33,013,033000,2,1486,+43.238109,-071.418773
33,013,034000,1,1589,+43.242322,-071.328441
33,013,034000,2,1813,+43.209508,-071.342782
33,013,034000,3,1164,+43.189879,-071.388992
33,013,035000,1,1568,+43.313127,-071.336504
33,013,035000,2,2538,+43.292427,-071.308328
33,013,036000,1,1081,+43.350267,-071.437583
33,013,036000,2,2667,+43.283977,-071.451822
33,013,036000,3,1569,+43.313154,-071.487915
33,013,037000,1,2352,+43.348343,-071.546924
33,013,038000,1,1678,+43.348362,-071.652949
33,013,038000,2,1014,+43.293347,-071.632399
33,013,038000,3,1273,+43.295869,-071.609427
33,013,038500,1,1405,+43.295811,-071.814554
33,013,038500,2,1428,+43.261708,-071.809817
33,013,038500,3,1872,+43.299806,-071.708559
33,013,039000,1,704,+43.213287,-071.748478
33,013,039000,2,1227,+43.229831,-071.717126
33,013,039000,3,1264,+43.208855,-071.655396
33,013,039000,4,1305,+43.208425,-071.696260
33,013,039000,5,1089,+43.171588,-071.686714
33,013,040000,1,1598,+43.193933,-071.813999
33,013,040000,2,1526,+43.180611,-071.824609
33,013,040000,3,1712,+43.163626,-071.810402
33,013,040500,1,1232,+43.337667,-071.923117
33,013,040500,2,1581,+43.333958,-071.987056
33,013,040500,3,1650,+43.253741,-071.962828
33,013,040500,4,1096,+43.315525,-072.026550
33,013,041000,1,603,+43.428291,-071.964383
33,013,041000,2,2020,+43.411283,-071.971344
33,013,041000,3,1774,+43.412078,-072.010716
33,013,041500,1,1089,+43.526233,-071.733041
33,013,041500,2,1164,+43.524875,-071.865308
33,013,041500,3,1358,+43.435816,-071.909566
33,013,042500,1,826,+43.454434,-071.805501
33,013,042500,2,1545,+43.437201,-071.779519
33,013,042500,3,1382,+43.388605,-071.736578
33,013,043001,1,1387,+43.429667,-071.661353
33,013,043001,2,1322,+43.437750,-071.645661
33,013,043001,3,1491,+43.439176,-071.634444
33,013,043002,1,695,+43.473831,-071.677597
33,013,043002,2,708,+43.469151,-071.643375
33,013,043002,3,1188,+43.450680,-071.637694
33,013,043002,4,833,+43.447661,-071.649992
33,013,043002,5,853,+43.451375,-071.663781
33,013,044000,1,1892,+43.412334,-071.613958
33,013,044000,2,1755,+43.420431,-071.559498
33,013,044000,3,1182,+43.439327,-071.587143
33,013,044100,1,1742,+43.191573,-071.508472
33,013,044100,2,1078,+43.217282,-071.496944
33,013,044100,3,750,+43.207435,-071.516303
33,013,044200,1,1505,+43.073161,-071.416342
33,013,044200,2,2105,+43.084655,-071.449578
33,013,044200,3,2036,+43.044974,-071.407473
33,013,044300,1,1006,+43.243768,-071.605103
33,013,044300,2,1243,+43.257792,-071.592820
33,013,044300,3,1980,+43.269390,-071.597631
33,015,003301,1,2456,+42.915393,-071.290444
33,015,003301,2,2111,+42.909557,-071.251443
33,015,003302,1,2631,+42.906889,-071.322051
33,015,003302,2,1021,+42.921487,-071.336638
33,015,003302,3,1343,+42.931480,-071.328937
33,015,003400,1,2016,+42.898461,-071.311904
33,015,003400,2,891,+42.880180,-071.332336
33,015,003400,3,1556,+42.888874,-071.320639
33,015,003400,4,892,+42.889518,-071.330582
33,015,003500,1,669,+42.889294,-071.303133
33,015,003500,2,2653,+42.874443,-071.325588
33,015,003500,3,2460,+42.882090,-071.313416
33,015,003601,1,924,+42.873289,-071.306210
33,015,003601,2,2759,+42.865814,-071.315706
33,015,003601,3,821,+42.878275,-071.284614
33,015,003601,4,2313,+42.851362,-071.307117
33,015,003602,1,1560,+42.890992,-071.252434
33,015,003602,2,1623,+42.878609,-071.221479
33,015,003602,3,2410,+42.863232,-071.253292
33,015,003701,1,1598,+42.864106,-071.360006
33,015,003701,2,1989,+42.882867,-071.368446
33,015,003703,1,1615,+42.910251,-071.407799
33,015,003703,2,2043,+42.919657,-071.356496
33,015,003703,3,1446,+42.907609,-071.380011
33,015,003801,1,1759,+42.888213,-071.395773
33,015,003801,2,1230,+42.847328,-071.384369
33,015,003801,3,942,+42.870018,-071.388942
33,015,003802,1,2683,+42.873593,-071.416839
33,015,003802,2,1374,+42.841216,-071.410718
33,015,003901,1,2821,+42.849459,-071.348192
33,015,003901,2,1255,+42.828276,-071.356741
33,015,003902,1,2272,+42.828329,-071.378322
33,015,003902,2,1102,+42.812882,-071.357437
33,015,004000,1,1825,+43.013578,-071.369148
33,015,004000,2,1759,+43.000012,-071.323102
33,015,004000,3,1369,+42.961419,-071.339332
33,015,050000,1,1134,+43.053277,-071.265431
33,015,050000,2,2775,+43.059357,-071.322722
33,015,051000,1,2684,+42.963352,-071.219088
33,015,051000,2,2084,+42.977406,-071.266869
33,015,052000,1,1668,+42.933715,-071.206607
33,015,052000,2,2612,+42.946966,-071.180393
33,015,052000,3,1706,+42.911241,-071.171217
33,015,053000,1,2082,+42.922678,-071.134691
33,015,053000,2,2305,+42.926740,-071.107915
33,015,054000,1,2179,+42.999899,-071.114718
33,015,054000,2,2104,+42.972809,-071.132164
33,015,055001,1,2853,+43.034348,-071.228308
33,015,055001,2,3091,+43.006582,-071.180331
33,015,055002,1,1308,+43.034103,-071.181036
33,015,055002,2,2886,+43.049176,-071.173722
33,015,056000,1,1586,+43.169364,-071.246377
33,015,056000,2,2694,+43.117593,-071.262735
33,015,057000,1,1595,+43.194926,-071.170559
33,015,057000,2,1350,+43.234729,-071.219279
33,015,057000,3,1296,+43.210072,-071.243253
33,015,058000,1,3901,+43.139327,-071.089354
33,015,058000,2,884,+43.090710,-071.146804
33,015,059000,1,1409,+43.035228,-071.072201
33,015,059000,2,2122,+43.055480,-071.050131
33,015,059000,3,2880,+43.043925,-071.104592
33,015,060000,1,2249,+43.005151,-071.053560
33,015,060000,2,2237,+42.974038,-071.045367
33,015,061001,1,1902,+42.972483,-070.984592
33,015,061001,2,2242,+42.991151,-070.974079
33,015,061001,3,1809,+42.997646,-070.959069
33,015,062000,1,2357,+42.926773,-071.007289
33,015,062500,1,814,+42.885632,-070.966806
33,015,062500,2,2124,+42.925826,-070.947018
33,015,063001,1,2050,+42.894238,-070.901025
33,015,063001,2,1678,+42.889318,-070.874883
33,015,063002,1,1610,+42.873203,-070.846691
33,015,063002,2,766,+42.895377,-070.858745
33,015,063002,3,1680,+42.876326,-070.859863
33,015,063002,4,909,+42.884873,-070.818495
33,015,064000,1,2236,+42.927008,-070.887675
33,015,065001,1,2284,+42.946607,-070.825569
33,015,065001,2,1666,+42.947243,-070.867853
33,015,065001,3,772,+42.935097,-070.832976
33,015,065001,4,2528,+42.950068,-070.842151
33,015,065001,5,624,+42.935528,-070.823893
33,015,065005,1,1968,+42.933930,-070.810284
33,015,065005,2,501,+42.933881,-070.798220
33,015,065006,1,924,+42.947798,-070.793933
33,015,065006,2,603,+42.942227,-070.805285
33,015,065007,1,1842,+42.924989,-070.812271
33,015,065008,1,721,+42.908786,-070.818723
33,015,065008,2,381,+42.899760,-070.813621
33,015,065008,3,616,+42.908879,-070.812474
33,015,066000,1,1002,+42.966012,-070.793124
33,015,066000,2,1635,+42.986477,-070.827180
33,015,066000,3,1664,+42.978970,-070.851360
33,015,067000,1,1460,+43.012225,-070.888566
33,015,067000,2,1928,+42.992807,-070.897337
33,015,067000,3,1462,+43.028677,-070.881867
33,015,067000,4,2405,+43.034281,-070.910306
33,015,067501,1,2786,+43.069311,-070.941968
33,015,067501,2,1680,+43.037432,-070.961195
33,015,067501,3,2786,+43.065239,-070.968079
33,015,067502,1,1337,+43.083865,-070.938518
33,015,067502,2,1075,+43.078886,-070.941406
33,015,067502,3,952,+43.079849,-070.924624
33,015,069100,1,747,+43.077663,-070.757964
33,015,069100,2,1403,+43.066736,-070.763348
33,015,069100,3,776,+43.073152,-070.752057
33,015,069100,4,941,+43.070846,-070.758580
33,015,069200,1,1825,+43.072811,-070.765022
33,015,069200,2,813,+43.066722,-070.771503
33,015,069300,1,929,+43.088120,-070.771679
33,015,069300,2,1136,+43.075318,-070.773190
33,015,069700,1,643,+43.065482,-070.750367
33,015,069700,2,1908,+43.057466,-070.760672
33,015,069700,3,968,+43.067519,-070.720323
33,015,071000,1,684,+43.024799,-070.761757
33,015,071000,2,878,+42.992273,-070.764002
33,015,071000,3,1820,+43.004819,-070.781830
33,015,071000,4,404,+42.979475,-070.772030
33,015,071000,5,1512,+43.034438,-070.737172
33,015,100100,1,2857,+42.832765,-071.221208
33,015,100100,2,2145,+42.822025,-071.217416
33,015,100100,3,1656,+42.815166,-071.192697
33,015,100200,1,1497,+42.792693,-071.231295
33,015,100200,2,1405,+42.798340,-071.217521
33,015,100200,3,1338,+42.797605,-071.197960
33,015,100200,4,1366,+42.788061,-071.216013
33,015,100301,1,2232,+42.791629,-071.243482
33,015,100301,2,744,+42.774993,-071.234699
33,015,100301,3,1545,+42.769302,-071.261687
33,015,100302,1,2005,+42.762599,-071.220157
33,015,100302,2,769,+42.754809,-071.218584
33,015,100302,3,1488,+42.751986,-071.237028
33,015,100400,1,1182,+42.759356,-071.204271
33,015,100400,2,1735,+42.746979,-071.189672
33,015,100400,3,1247,+42.779287,-071.214555
33,015,100400,4,2605,+42.774998,-071.195751
33,015,100400,5,960,+42.780191,-071.189781
33,015,101100,1,1667,+42.837284,-071.094997
33,015,101100,2,1276,+42.824705,-071.099336
33,015,101100,3,2108,+42.856350,-071.111095
33,015,101100,4,2558,+42.825900,-071.073019
33,015,102100,1,1838,+42.876873,-071.025436
33,015,102100,2,1034,+42.875143,-071.054031
33,015,102100,3,1731,+42.853504,-071.060298
33,015,103100,1,1267,+42.825094,-071.144456
33,015,103100,2,2132,+42.840639,-071.134841
33,015,103100,3,3352,+42.837892,-071.175675
33,015,104101,1,2332,+42.869717,-071.154644
33,015,104101,2,2449,+42.889105,-071.134512
33,015,104102,1,949,+42.878667,-071.196986
33,015,104102,2,2793,+42.893652,-071.186845
33,015,105100,1,972,+42.911742,-071.042048
33,015,105100,2,2032,+42.887380,-071.083849
33,015,105100,3,1155,+42.922408,-071.072459
33,015,105100,4,1866,+42.944815,-071.050856
33,015,106101,1,2493,+42.829536,-071.271338
33,015,106101,2,1822,+42.814659,-071.311664
33,015,106101,3,1781,+42.833130,-071.314812
33,015,106101,4,1168,+42.819146,-071.336850
33,015,106102,1,2494,+42.788467,-071.340336
33,015,106102,2,2269,+42.776789,-071.297032
33,015,106102,3,1565,+42.797396,-071.279249
33,015,106200,1,1550,+42.966697,-070.968105
33,015,106200,2,772,+42.966369,-070.956487
33,015,106200,3,949,+42.977730,-070.956762
33,015,106200,4,1060,+42.980661,-070.949317
33,015,106400,1,1192,+42.987064,-070.940880
33,015,106400,2,1942,+42.975769,-070.914765
33,015,106400,3,888,+42.973283,-070.928740
33,015,107100,1,1120,+43.088775,-070.780528
33,015,107100,2,500,+43.079740,-070.780611
33,015,107100,3,845,+43.086837,-070.790950
33,015,107200,1,2555,+43.028645,-070.780633
33,015,107200,2,1276,+43.058093,-070.777765
33,015,107200,3,1150,+43.028438,-070.797902
33,015,107200,4,1043,+43.039744,-070.769569
33,015,107400,1,594,+43.047378,-070.800527
33,015,107400,2,575,+43.065351,-070.800227
33,015,107500,1,753,+43.097440,-070.833852
33,015,107500,2,1785,+43.025923,-070.837622
33,015,107500,3,1764,+43.048382,-070.854117
33,015,980011,1,0,+42.924101,-071.435912
33,015,990000,0,0,+42.904342,-070.755510
33,017,080100,1,1404,+43.113428,-070.906671
33,017,080100,2,1301,+43.113556,-070.951334
33,017,080202,1,1696,+43.143291,-070.921748
33,017,080202,2,934,+43.135195,-070.902207
33,017,080203,1,4358,+43.133032,-070.933951
33,017,080203,2,801,+43.130263,-070.925880
33,017,080204,1,4144,+43.141833,-070.933234
33,017,080500,1,1771,+43.173199,-070.938065
33,017,080500,2,864,+43.151506,-070.986974
33,017,080500,3,1717,+43.128069,-071.001380
33,017,080500,4,1749,+43.095984,-071.024652
33,017,081100,1,1986,+43.177978,-070.896856
33,017,081100,2,2125,+43.157474,-070.866524
33,017,081100,3,2287,+43.167637,-070.882065
33,017,081200,1,2367,+43.176859,-070.861485
33,017,081200,2,2125,+43.151140,-070.839952
33,017,081300,1,1933,+43.193008,-070.877343
33,017,081300,2,1494,+43.189103,-070.867300
33,017,081300,3,1104,+43.187114,-070.878306
33,017,081400,1,1831,+43.199749,-070.865083
33,017,081500,1,2299,+43.205311,-070.873277
33,017,081500,2,3422,+43.209367,-070.883133
33,017,081600,1,2283,+43.230830,-070.905994
33,017,081600,2,1703,+43.220384,-070.929031
33,017,081600,3,3028,+43.199473,-070.906810
33,017,082000,1,1488,+43.230962,-070.825252
33,017,082000,2,1039,+43.220038,-070.851124
33,017,083001,1,1395,+43.267776,-070.889031
33,017,083001,2,977,+43.263231,-070.867961
33,017,083001,3,1167,+43.253630,-070.873443
33,017,083001,4,1173,+43.256465,-070.866176
33,017,083001,5,1298,+43.256415,-070.862052
33,017,083001,6,792,+43.252152,-070.851679
33,017,083002,1,1191,+43.253337,-070.905773
33,017,083002,2,1260,+43.241564,-070.894945
33,017,083002,3,1013,+43.234017,-070.873757
33,017,083002,4,799,+43.244711,-070.872682
33,017,083002,5,701,+43.244986,-070.856563
33,017,084100,1,1406,+43.283176,-070.932270
33,017,084100,2,852,+43.281454,-070.962187
33,017,084100,3,1628,+43.267260,-070.947404
33,017,084100,4,986,+43.289638,-070.957821
33,017,084200,1,1104,+43.351171,-070.991204
33,017,084200,2,1580,+43.352939,-070.975718
33,017,084200,3,2274,+43.319942,-070.956079
33,017,084200,4,2699,+43.323670,-070.934099
33,017,084300,1,1521,+43.316957,-070.979861
33,017,084300,2,650,+43.296220,-070.969288
33,017,084300,3,913,+43.308672,-070.969683
33,017,084300,4,1365,+43.304941,-070.961467
33,017,084300,5,1513,+43.298529,-070.975346
33,017,084300,6,572,+43.302832,-070.968948
33,017,084400,1,1198,+43.309565,-070.987620
33,017,084400,2,865,+43.303636,-070.981889
33,017,084400,3,1484,+43.300395,-070.986542
33,017,084400,4,534,+43.290139,-070.983062
33,017,084500,1,1144,+43.263292,-070.967719
33,017,084500,2,2791,+43.268661,-070.993870
33,017,084600,1,2673,+43.310744,-071.018598
33,017,085000,1,2144,+43.248778,-071.046964
33,017,085000,2,1520,+43.211224,-071.080434
33,017,085000,3,1527,+43.196398,-071.026360
33,017,085000,4,1729,+43.216172,-071.001645
33,017,085000,5,1656,+43.163431,-071.037655
33,017,086000,1,2173,+43.270024,-071.114295
33,017,086000,2,1818,+43.254558,-071.176868
33,017,087000,1,1295,+43.398461,-071.071524
33,017,087000,2,1476,+43.393469,-071.058912
33,017,087000,3,1798,+43.360505,-071.033487
33,017,087000,4,1124,+43.388697,-071.076003
33,017,087000,5,1093,+43.364161,-071.100068
33,017,088000,1,928,+43.485757,-070.974191
33,017,088000,2,1432,+43.433645,-070.994590
33,017,088000,3,2238,+43.410369,-071.011251
33,017,088500,1,1783,+43.467851,-071.071715
33,017,088500,2,999,+43.486103,-071.140568
33,017,088500,3,1639,+43.420299,-071.145425
33,019,975100,1,1640,+43.475212,-072.323838
33,019,975100,2,1081,+43.555698,-072.252190
33,019,975100,3,1283,+43.546849,-072.339083
33,019,975200,1,1311,+43.488035,-072.059524
33,019,975200,2,941,+43.443355,-072.159566
33,019,975200,3,1936,+43.519111,-072.119287
33,019,975200,4,872,+43.512259,-072.153132
33,019,975300,1,919,+43.357896,-072.092822
33,019,975300,2,1099,+43.380238,-072.101575
33,019,975300,3,1347,+43.416663,-072.084187
33,019,975400,1,1418,+43.338465,-072.184727
33,019,975400,2,842,+43.380838,-072.213534
33,019,975400,3,1248,+43.375954,-072.170558
33,019,975400,4,939,+43.375212,-072.150084
33,019,975400,5,1146,+43.356649,-072.158448
33,019,975400,6,914,+43.371685,-072.180974
33,019,975500,1,1154,+43.236180,-072.187245
33,019,975500,2,810,+43.301233,-072.123896
33,019,975500,3,1123,+43.169738,-072.095440
33,019,975600,1,1671,+43.295205,-072.269183
33,019,975600,2,891,+43.219389,-072.288773
33,019,975600,3,688,+43.167440,-072.379227
33,019,975700,1,2223,+43.256493,-072.404582
33,019,975700,2,943,+43.212647,-072.405811
33,019,975700,3,1025,+43.304919,-072.389084
33,019,975700,4,923,+43.243165,-072.427956
33,019,975800,1,1006,+43.380068,-072.363103
33,019,975800,2,1118,+43.370304,-072.350841
33,019,975800,3,978,+43.365380,-072.358788
33,019,975800,4,809,+43.357245,-072.369475
33,019,975800,5,801,+43.352569,-072.352190
33,019,975901,1,1251,+43.387772,-072.309015
33,019,975901,2,1722,+43.395748,-072.357435
33,019,975901,3,1722,+43.381205,-072.339215
33,019,975902,1,935,+43.372634,-072.341850
33,019,975902,2,1165,+43.367062,-072.340396
33,019,975902,3,1085,+43.362886,-072.317419
33,019,975902,4,763,+43.348752,-072.333680
