STATEFP,COUNTYFP,TRACTCE,BLKGRPCE,POPULATION,LATITUDE,LONGITUDE
31,001,965400,1,1269,+40.648225,-098.384302
31,001,965400,2,1356,+40.628928,-098.636467
31,001,965400,3,1544,+40.595587,-098.489427
31,001,965500,1,1185,+40.610931,-098.391013
31,001,965500,2,965,+40.596412,-098.386986
31,001,965500,3,1016,+40.597620,-098.396403
31,001,965500,4,963,+40.592518,-098.398096
31,001,965600,1,755,+40.600775,-098.375483
31,001,965600,2,1763,+40.593579,-098.371506
31,001,965600,3,1488,+40.587733,-098.367124
31,001,965600,4,1530,+40.588770,-098.378439
31,001,965700,1,667,+40.587464,-098.388213
31,001,965700,2,621,+40.591659,-098.389622
31,001,965800,1,769,+40.588512,-098.400635
31,001,965800,2,736,+40.586172,-098.403085
31,001,965800,3,916,+40.588254,-098.415245
31,001,965900,1,1169,+40.600472,-098.413369
31,001,965900,2,1068,+40.592980,-098.406588
31,001,965900,3,921,+40.592577,-098.416019
31,001,965900,4,1201,+40.593029,-098.429162
31,001,966000,1,908,+40.579455,-098.400062
31,001,966000,2,962,+40.578003,-098.387593
31,001,966000,3,1553,+40.572077,-098.383897
31,001,966000,4,1353,+40.562113,-098.414385
31,001,966100,1,1403,+40.579994,-098.374787
31,001,966100,2,943,+40.579562,-098.354615
31,001,966200,1,587,+40.462888,-098.345755
31,001,966200,2,866,+40.504131,-098.570742
31,001,966200,3,887,+40.435606,-098.513897
31,003,979600,1,643,+42.192438,-098.063335
31,003,979600,2,582,+42.352152,-097.933758
31,003,979600,3,921,+42.340592,-098.192660
31,003,979700,1,755,+42.128075,-098.020067
31,003,979700,2,1003,+42.131903,-098.033301
31,003,979800,1,769,+42.138982,-098.188454
31,003,979800,2,975,+41.977735,-098.098463
31,003,979800,3,1037,+42.041958,-097.914284
31,005,958300,1,460,+41.569808,-101.673813
31,007,954000,1,690,+41.557925,-103.702088
31,009,972400,1,478,+41.901108,-100.007203
31,011,960100,1,917,+41.747062,-098.027099
31,011,960100,2,720,+41.845867,-098.103848
31,011,960100,3,621,+41.608164,-097.977745
31,011,960100,4,607,+41.574612,-098.166045
31,011,960100,5,761,+41.571319,-097.860504
31,011,960200,1,1072,+41.687914,-098.001882
31,011,960200,2,807,+41.683564,-098.009741
31,013,951100,1,1397,+42.324372,-103.072844
31,013,951100,2,862,+42.150278,-102.997273
31,013,951200,1,819,+42.106422,-102.882442
31,013,951200,2,952,+42.111848,-102.882316
31,013,951200,3,1074,+42.119755,-102.873936
31,013,951200,4,984,+42.107613,-102.868408
31,013,951200,5,1003,+42.106519,-102.838850
31,013,951300,1,699,+42.101697,-102.861945
31,013,951300,2,836,+42.101577,-102.870480
31,013,951300,3,1146,+42.099831,-102.875186
31,013,951300,4,745,+42.099990,-102.889876
31,013,951300,5,791,+42.081489,-102.844806
31,015,975800,1,1283,+42.870506,-098.603595
31,015,975800,2,816,+42.923440,-098.931019
31,017,975000,1,1704,+42.565171,-099.878733
31,017,975000,2,1441,+42.507694,-099.820724
31,019,968900,1,597,+40.937175,-099.308568
31,019,968900,2,713,+40.982474,-099.063650
31,019,968900,3,819,+40.936355,-098.923291
31,019,968900,4,717,+41.030985,-098.913765
31,019,968900,5,709,+41.025808,-098.913089
31,019,969000,1,1136,+40.789125,-099.128392
31,019,969000,2,677,+40.828218,-099.280666
31,019,969000,3,1127,+40.721514,-099.376202
31,019,969000,4,1163,+40.723811,-099.206083
31,019,969100,1,1022,+40.797072,-098.938456
31,019,969100,2,706,+40.702576,-098.863748
31,019,969100,3,532,+40.748792,-098.848145
31,019,969100,4,1393,+40.744405,-098.844500
31,019,969100,5,1129,+40.777243,-098.731831
31,019,969202,1,2263,+40.710693,-099.107774
31,019,969202,2,1011,+40.708653,-099.090591
31,019,969203,1,2590,+40.727091,-099.062265
31,019,969203,2,1277,+40.721482,-099.070474
31,019,969203,3,1480,+40.719789,-099.077903
31,019,969204,1,2979,+40.713750,-099.126931
31,019,969204,2,2016,+40.730633,-099.096878
31,019,969300,1,738,+40.704100,-099.052577
31,019,969300,2,1536,+40.706916,-099.059298
31,019,969400,1,999,+40.710574,-099.068245
31,019,969400,2,718,+40.700293,-099.073024
31,019,969400,3,1211,+40.710292,-099.076267
31,019,969400,4,1064,+40.704476,-099.069984
31,019,969500,1,755,+40.702048,-099.079952
31,019,969500,2,777,+40.702456,-099.086446
31,019,969500,3,817,+40.693537,-099.084142
31,019,969600,1,1548,+40.702737,-099.094888
31,019,969600,2,1117,+40.699541,-099.094859
31,019,969600,3,670,+40.696295,-099.094576
31,019,969600,4,2140,+40.697076,-099.111549
31,019,969700,1,605,+40.692345,-099.069532
31,019,969700,2,1567,+40.687501,-099.076664
31,019,969700,3,1967,+40.688748,-099.095991
31,019,969700,4,1817,+40.680527,-099.085028
31,021,963200,1,879,+41.794772,-096.423529
31,021,963200,2,1279,+41.835686,-096.464424
31,021,963300,1,1535,+41.794953,-096.223697
31,021,963300,2,1133,+41.762869,-096.220461
31,021,963400,1,1153,+41.975901,-096.325593
31,021,963400,2,879,+41.936553,-096.471737
31,023,967600,1,1166,+41.331530,-097.000277
31,023,967600,2,1273,+41.354108,-097.276802
31,023,967600,3,888,+41.235261,-097.279006
31,023,967700,1,1780,+41.255964,-097.120466
31,023,967700,2,1330,+41.254611,-097.130686
31,023,967800,1,1102,+41.137717,-097.005297
31,023,967800,2,856,+41.114090,-097.223455
31,025,965600,1,1270,+41.008137,-095.909964
31,025,965600,2,679,+41.017618,-095.898875
31,025,965600,3,1043,+41.022464,-095.888886
31,025,965600,4,714,+41.011647,-095.887311
31,025,965700,1,1866,+41.041889,-096.009558
31,025,965700,2,1173,+40.960313,-096.079649
31,025,965700,3,1739,+40.996091,-096.163077
31,025,965800,1,1221,+40.905738,-096.336359
31,025,965800,2,825,+41.007661,-096.284339
31,025,965800,3,907,+40.969030,-096.426659
31,025,965900,1,714,+40.826083,-096.116319
31,025,965900,2,1223,+40.870822,-096.142803
31,025,965900,3,1030,+40.836262,-096.291899
31,025,965900,4,2031,+40.812219,-096.431726
31,025,966000,1,622,+40.913554,-095.938380
31,025,966000,2,2605,+40.920371,-095.886197
31,025,966000,3,1074,+40.829889,-095.934103
31,025,966100,1,1454,+40.985248,-095.878170
31,025,966100,2,1439,+40.997685,-095.896369
31,025,966100,3,817,+41.006703,-095.894734
31,025,966100,4,795,+41.004604,-095.887491
31,027,977100,1,1181,+42.718907,-097.181567
31,027,977100,2,821,+42.615153,-097.266974
31,027,977100,3,769,+42.788108,-097.419762
31,027,977100,4,887,+42.730401,-097.348516
31,027,977100,5,998,+42.624698,-097.268501
31,027,977200,1,1036,+42.473946,-097.138454
31,027,977200,2,1034,+42.427464,-097.093450
31,027,977200,3,945,+42.514694,-097.285803
31,027,977200,4,1181,+42.381319,-097.349736
31,029,961900,1,626,+40.558598,-101.756392
31,029,961900,2,978,+40.518499,-101.647934
31,029,961900,3,1203,+40.433091,-101.506380
31,029,961900,4,1159,+40.523060,-101.640090
31,031,955800,1,924,+42.891856,-100.568432
31,031,955800,2,847,+42.877305,-100.561606
31,031,955800,3,1012,+42.879637,-100.540133
31,031,955800,4,780,+42.876412,-100.551714
31,031,955800,5,724,+42.915455,-101.373855
31,031,955900,1,758,+42.652331,-100.933618
31,031,955900,2,668,+42.275446,-100.944544
31,033,954800,1,743,+41.224306,-103.246959
31,033,954800,2,1005,+41.333162,-102.999925
31,033,954800,3,706,+41.221860,-102.705077
31,033,954800,4,703,+41.091238,-102.982201
31,033,954900,1,767,+41.149851,-102.987522
31,033,954900,2,785,+41.140048,-102.992031
31,033,954900,3,1168,+41.138976,-102.982869
31,033,954900,4,1377,+41.125933,-102.982200
31,033,955000,1,1178,+41.146288,-102.977142
31,033,955000,2,1566,+41.132136,-102.968657
31,035,962100,1,769,+40.623365,-098.016656
31,035,962100,2,1245,+40.632124,-098.149299
31,035,962100,3,981,+40.611935,-097.857719
31,035,962100,4,643,+40.602317,-097.861341
31,035,962200,1,830,+40.522638,-098.053750
31,035,962200,2,1276,+40.444990,-098.173653
31,035,962200,3,798,+40.392071,-097.947023
31,037,964600,1,845,+41.715559,-097.000269
31,037,964600,2,768,+41.722228,-097.121476
31,037,964600,3,612,+41.701966,-097.223983
31,037,964700,1,1091,+41.564363,-097.060987
31,037,964700,2,683,+41.453620,-097.171909
31,037,964800,1,1386,+41.443795,-097.052223
31,037,964800,2,1140,+41.441012,-097.066761
31,037,964800,3,1069,+41.457523,-097.055035
31,037,964800,4,1733,+41.455004,-097.066424
31,037,964800,5,1188,+41.448089,-097.057402
31,039,972700,1,1581,+41.991807,-096.921375
31,039,972700,2,1035,+41.826496,-096.868434
31,039,972800,1,1196,+41.839577,-096.675724
31,039,972800,2,889,+41.840068,-096.715883
31,039,972800,3,1110,+41.832233,-096.699173
31,039,972800,4,1056,+41.838689,-096.708514
31,039,972900,1,983,+42.026966,-096.645843
31,039,972900,2,1289,+41.938398,-096.759600
31,041,971700,1,619,+41.649594,-099.642887
31,041,971700,2,566,+41.641727,-099.373304
31,041,971700,3,959,+41.498547,-099.685497
31,041,971700,4,577,+41.458009,-099.322426
31,041,971800,1,984,+41.449121,-100.127345
31,041,971800,2,941,+41.315292,-099.875985
31,041,971800,3,902,+41.185123,-099.933554
31,041,971900,1,1140,+41.411991,-099.641639
31,041,971900,2,704,+41.408636,-099.651089
31,041,971900,3,921,+41.398773,-099.644336
31,041,971900,4,1184,+41.398097,-099.631371
31,041,972000,1,857,+41.248386,-099.438494
31,041,972000,2,585,+41.282768,-099.383561
31,043,010100,1,2014,+42.477544,-096.402860
31,043,010100,2,1809,+42.475930,-096.408445
31,043,010100,3,2050,+42.471556,-096.418625
31,043,010100,4,698,+42.483891,-096.418807
31,043,010200,1,1179,+42.471260,-096.411139
31,043,010200,2,1487,+42.465018,-096.409529
31,043,010200,3,1660,+42.458267,-096.416908
31,043,010200,4,2295,+42.455982,-096.406159
31,043,010300,1,1569,+42.453937,-096.449653
31,043,010300,2,1063,+42.410963,-096.421404
31,043,010300,3,1749,+42.430587,-096.422648
31,043,010400,1,1863,+42.424182,-096.573729
31,043,010400,2,1570,+42.310831,-096.569194
31,045,950600,1,1206,+42.771014,-103.040865
31,045,950600,2,1009,+42.683129,-103.411711
31,045,950600,3,798,+42.626701,-103.161505
31,045,950700,1,1292,+42.826265,-102.993612
31,045,950700,2,906,+42.826013,-103.001120
31,045,950700,3,836,+42.825471,-103.008223
31,045,950700,4,1786,+42.816359,-103.003046
31,045,950700,5,1349,+42.835759,-103.006508
31,047,968000,1,872,+40.948777,-099.607684
31,047,968000,2,686,+40.768065,-099.653374
31,047,968000,3,1026,+40.752010,-099.525105
31,047,968100,1,814,+40.943799,-100.022472
31,047,968100,2,680,+40.825224,-099.822394
31,047,968200,1,1339,+40.942137,-100.157647
31,047,968200,2,906,+40.934183,-100.163049
31,047,968200,3,713,+40.935544,-100.154290
31,047,968200,4,840,+40.927730,-100.160379
31,047,968300,1,1570,+40.869062,-099.986625
31,047,968300,2,904,+40.864879,-099.985895
31,047,968300,3,1056,+40.858434,-099.978771
31,047,968300,4,558,+40.861563,-099.989327
31,047,968400,1,1371,+40.789886,-099.757911
31,047,968400,2,1213,+40.783062,-099.756363
31,047,968400,3,2781,+40.770341,-099.747317
31,047,968500,1,1056,+40.791375,-099.740905
31,047,968500,2,712,+40.790276,-099.744875
31,047,968500,3,885,+40.784389,-099.744904
31,047,968500,4,1213,+40.781801,-099.733150
31,047,968500,5,1558,+40.779221,-099.738720
31,047,968600,1,729,+40.720536,-099.834516
31,047,968600,2,844,+40.777982,-100.074237
31,049,955400,1,1202,+41.095352,-102.469954
31,049,955400,2,739,+41.078126,-102.143304
31,051,977600,1,1232,+42.567262,-096.711706
31,051,977600,2,548,+42.629489,-096.851819
31,051,977600,3,807,+42.576064,-096.894690
31,051,977800,1,1302,+42.377550,-096.797515
31,051,977800,2,643,+42.364466,-096.968658
31,051,977800,3,158,+42.275519,-096.732938
31,051,977800,4,1310,+42.269418,-096.867979
31,053,963600,1,775,+41.701828,-096.537821
31,053,963600,2,924,+41.539735,-096.502632
31,053,963600,3,1295,+41.711321,-096.835246
31,053,963600,4,896,+41.665643,-096.662497
31,053,963600,5,1136,+41.613086,-096.547225
31,053,963700,1,1184,+41.549737,-096.738198
31,053,963700,2,781,+41.465448,-096.786169
31,053,963700,3,623,+41.465806,-096.769386
31,053,963800,1,1502,+41.459283,-096.516162
31,053,963800,2,1904,+41.454925,-096.488720
31,053,963800,3,2116,+41.455921,-096.515082
31,053,963900,1,1501,+41.439985,-096.514341
31,053,963900,2,1117,+41.448580,-096.502604
31,053,963900,3,1201,+41.442030,-096.502883
31,053,964000,1,733,+41.447054,-096.487184
31,053,964000,2,692,+41.441073,-096.486876
31,053,964000,3,1016,+41.447144,-096.494040
31,053,964000,4,925,+41.441276,-096.494104
31,053,964100,1,2513,+41.440389,-096.468476
31,053,964100,2,908,+41.447801,-096.468085
31,053,964100,3,992,+41.448053,-096.478697
31,053,964200,1,675,+41.437557,-096.504061
31,053,964200,2,746,+41.434216,-096.503152
31,053,964200,3,667,+41.435160,-096.495125
31,053,964200,4,1045,+41.435231,-096.487484
31,053,964200,5,894,+41.430440,-096.487946
31,053,964300,1,1978,+41.425949,-096.469283
31,053,964300,2,946,+41.434000,-096.469115
31,053,964300,3,954,+41.436579,-096.479698
31,053,964300,4,1016,+41.430260,-096.479348
31,053,964400,1,2260,+41.423216,-096.514989
31,053,964400,2,776,+41.428775,-096.504139
31,055,000200,1,1254,+41.322446,-095.951920
31,055,000200,2,1136,+41.319208,-095.951255
31,055,000200,3,649,+41.333287,-095.957846
31,055,000200,4,720,+41.326287,-095.953174
31,055,000300,1,676,+41.313587,-095.950391
31,055,000300,2,769,+41.311002,-095.950308
31,055,000300,3,805,+41.308031,-095.950666
31,055,000400,1,1387,+41.317606,-095.940555
31,055,000400,2,789,+41.303004,-095.936432
31,055,000500,1,1100,+41.281844,-095.929985
31,055,000500,2,1228,+41.282900,-095.901754
31,055,000600,1,771,+41.302645,-095.945333
31,055,000600,2,651,+41.304613,-095.952746
31,055,000700,1,1237,+41.292830,-095.951090
31,055,000800,1,657,+41.296538,-095.941213
31,055,000800,2,1204,+41.291224,-095.940832
31,055,001100,1,1111,+41.286533,-095.951993
31,055,001100,2,330,+41.278314,-095.951084
31,055,001100,3,1267,+41.271271,-095.951787
31,055,001200,1,848,+41.285886,-095.941526
31,055,001200,2,717,+41.279176,-095.944045
31,055,001200,3,1338,+41.275656,-095.939627
31,055,001600,1,1224,+41.264535,-095.944230
31,055,001600,2,1353,+41.264360,-095.949387
31,055,001800,1,2025,+41.254413,-095.938711
31,055,001800,2,1121,+41.254083,-095.930347
31,055,001800,3,824,+41.254877,-095.935726
31,055,001900,1,461,+41.255249,-095.945365
31,055,001900,2,717,+41.251591,-095.944637
31,055,002000,1,995,+41.241126,-095.939421
31,055,002000,2,1130,+41.234654,-095.946578
31,055,002000,3,1387,+41.235743,-095.941220
31,055,002100,1,972,+41.245115,-095.934227
31,055,002100,2,1395,+41.239989,-095.934057
31,055,002200,1,623,+41.245909,-095.923691
31,055,002200,2,622,+41.246141,-095.928236
31,055,002300,1,963,+41.236170,-095.920081
31,055,002300,2,1491,+41.239596,-095.927640
31,055,002400,1,673,+41.234304,-095.929620
31,055,002400,2,1004,+41.233574,-095.935109
31,055,002400,3,809,+41.231290,-095.939468
31,055,002400,4,1095,+41.229503,-095.944133
31,055,002500,1,807,+41.221281,-095.929610
31,055,002500,2,809,+41.224439,-095.935942
31,055,002500,3,941,+41.223510,-095.943665
31,055,002600,1,1389,+41.216261,-095.944090
31,055,002600,2,975,+41.215406,-095.938782
31,055,002700,1,776,+41.208009,-095.944154
31,055,002700,2,767,+41.206944,-095.939206
31,055,002700,3,978,+41.211253,-095.937528
31,055,002800,1,1189,+41.202622,-095.943412
31,055,002800,2,1214,+41.199507,-095.938092
31,055,002800,3,1181,+41.194643,-095.936644
31,055,002900,1,1673,+41.201352,-095.963161
31,055,002900,2,1119,+41.194363,-095.955235
31,055,002900,3,1208,+41.194280,-095.948522
31,055,002900,4,1345,+41.202362,-095.956260
31,055,003000,1,992,+41.203488,-095.972185
31,055,003000,2,908,+41.200052,-095.972167
31,055,003000,3,914,+41.196223,-095.972028
31,055,003000,4,1300,+41.192602,-095.974762
31,055,003000,5,1064,+41.196250,-095.963629
31,055,003000,6,1088,+41.192699,-095.962594
31,055,003000,7,795,+41.207703,-095.970533
31,055,003100,1,941,+41.221303,-095.969035
31,055,003100,2,843,+41.216959,-095.972879
31,055,003100,3,761,+41.211254,-095.973915
31,055,003100,4,1177,+41.214603,-095.963470
31,055,003200,1,1140,+41.220929,-095.949752
31,055,003200,2,1517,+41.215708,-095.949490
31,055,003300,1,1301,+41.246398,-095.950436
31,055,003300,2,966,+41.243365,-095.948540
31,055,003401,1,1099,+41.238295,-095.971808
31,055,003401,2,782,+41.233647,-095.972049
31,055,003401,3,1214,+41.230149,-095.972300
31,055,003401,4,848,+41.229027,-095.967848
31,055,003402,1,910,+41.237528,-095.963788
31,055,003402,2,747,+41.232596,-095.961648
31,055,003402,3,813,+41.232028,-095.957713
31,055,003500,1,898,+41.239109,-095.979223
31,055,003500,2,581,+41.231567,-095.978859
31,055,003500,3,1614,+41.236133,-095.986716
31,055,003500,4,1169,+41.234220,-095.996760
31,055,003600,1,923,+41.245951,-095.994519
31,055,003600,2,965,+41.246227,-096.001377
31,055,003600,3,706,+41.241057,-096.001336
31,055,003600,4,801,+41.246985,-096.009671
31,055,003600,5,784,+41.241577,-096.007092
31,055,003700,1,872,+41.244970,-095.978214
31,055,003700,2,944,+41.245148,-095.983043
31,055,003700,3,628,+41.244784,-095.988081
31,055,003800,1,1079,+41.246784,-095.967569
31,055,003800,2,1390,+41.247176,-095.957342
31,055,003800,3,1070,+41.240310,-095.957271
31,055,003800,4,664,+41.242866,-095.962905
31,055,003900,1,1597,+41.250323,-095.957554
31,055,003900,2,1262,+41.250391,-095.950472
31,055,004000,1,963,+41.254565,-095.950875
31,055,004000,2,718,+41.258294,-095.953475
31,055,004000,3,1050,+41.254597,-095.957375
31,055,004200,1,809,+41.255422,-095.963548
31,055,004200,2,909,+41.251794,-095.964004
31,055,004300,1,1199,+41.258042,-095.970613
31,055,004300,2,967,+41.254443,-095.968994
31,055,004300,3,685,+41.250488,-095.970525
31,055,004400,1,567,+41.252501,-095.985470
31,055,004400,2,729,+41.250566,-095.979101
31,055,004500,1,710,+41.258023,-095.989424
31,055,004500,2,702,+41.255237,-095.992781
31,055,004500,3,845,+41.250699,-095.994060
31,055,004500,4,587,+41.250536,-096.001538
31,055,004600,1,670,+41.257210,-095.998104
31,055,004600,2,600,+41.254079,-096.000270
31,055,004600,3,1048,+41.252516,-096.019608
31,055,004700,1,1230,+41.266176,-095.999327
31,055,004700,2,1856,+41.259190,-096.013733
31,055,004800,1,729,+41.269896,-095.992576
31,055,004800,2,1252,+41.269912,-095.987494
31,055,004800,3,1223,+41.265051,-095.989889
31,055,004800,4,1234,+41.261557,-095.989518
31,055,004900,1,674,+41.270005,-095.970036
31,055,004900,2,550,+41.270784,-095.975627
31,055,004900,3,740,+41.270667,-095.983138
31,055,004900,4,1034,+41.266555,-095.981011
31,055,004900,5,784,+41.263399,-095.977014
31,055,004900,6,698,+41.262260,-095.983056
31,055,005000,1,822,+41.265749,-095.963876
31,055,005000,2,848,+41.261659,-095.964078
31,055,005000,3,761,+41.261403,-095.968282
31,055,005000,4,776,+41.265607,-095.971103
31,055,005000,5,698,+41.262084,-095.972978
31,055,005100,1,1113,+41.270846,-095.961230
31,055,005100,2,525,+41.265696,-095.959068
31,055,005100,3,900,+41.261565,-095.959343
31,055,005200,1,710,+41.279523,-095.964125
31,055,005200,2,714,+41.274475,-095.961285
31,055,005300,1,780,+41.284386,-095.966115
31,055,005300,2,703,+41.277845,-095.971704
31,055,005300,3,638,+41.275320,-095.969688
31,055,005400,1,804,+41.285978,-095.975914
31,055,005400,2,696,+41.282516,-095.978173
31,055,005400,3,758,+41.278988,-095.979292
31,055,005400,4,852,+41.275411,-095.979982
31,055,005500,1,979,+41.277171,-095.985445
31,055,005500,2,870,+41.278419,-095.990250
31,055,005500,3,630,+41.277804,-095.993678
31,055,005500,4,700,+41.272117,-096.000494
31,055,005500,5,1026,+41.276385,-095.999414
31,055,005500,6,1023,+41.280899,-096.000730
31,055,005600,1,1129,+41.292041,-096.017569
31,055,005600,2,648,+41.287086,-096.018979
31,055,005600,3,712,+41.283367,-096.018126
31,055,005600,4,803,+41.283073,-096.009783
31,055,005600,5,825,+41.279615,-096.009362
31,055,005700,1,1030,+41.292283,-096.010248
31,055,005700,2,929,+41.287819,-096.009380
31,055,005700,3,759,+41.288858,-096.002989
31,055,005700,4,1077,+41.292053,-095.997831
31,055,005700,5,671,+41.285224,-095.999446
31,055,005800,1,519,+41.297083,-095.990487
31,055,005800,2,642,+41.287497,-095.984059
31,055,005800,3,811,+41.283389,-095.985445
31,055,005800,4,833,+41.284359,-095.990844
31,055,005800,5,691,+41.288421,-095.990955
31,055,005800,6,818,+41.292488,-095.989763
31,055,005901,1,1127,+41.295228,-095.975893
31,055,005901,2,617,+41.290464,-095.982343
31,055,005901,3,558,+41.290481,-095.975999
31,055,005902,1,975,+41.296571,-095.966023
31,055,005902,2,1161,+41.291624,-095.966150
31,055,006000,1,660,+41.301610,-095.961178
31,055,006000,2,975,+41.302716,-095.966960
31,055,006000,3,853,+41.302744,-095.972813
31,055,006000,4,739,+41.303026,-095.978118
31,055,006000,5,928,+41.302941,-095.982818
31,055,006101,1,667,+41.317290,-095.980579
31,055,006101,2,766,+41.313017,-095.981063
31,055,006101,3,945,+41.309124,-095.981449
31,055,006102,1,785,+41.323498,-095.970307
31,055,006102,2,894,+41.318143,-095.971180
31,055,006102,3,922,+41.313310,-095.971013
31,055,006102,4,802,+41.309165,-095.970422
31,055,006102,5,742,+41.308957,-095.963485
31,055,006202,1,834,+41.334954,-095.966122
31,055,006202,2,913,+41.329347,-095.964141
31,055,006202,3,773,+41.313876,-095.961277
31,055,006202,4,1202,+41.323073,-095.962199
31,055,006202,5,1198,+41.318466,-095.960878
31,055,006301,1,1210,+41.322533,-095.997078
31,055,006301,2,160,+41.316963,-095.988578
31,055,006301,3,893,+41.313745,-095.996778
31,055,006302,1,1189,+41.302271,-096.010061
31,055,006302,2,848,+41.308502,-095.992787
31,055,006302,3,1236,+41.303536,-096.000108
31,055,006302,4,833,+41.303708,-095.989369
31,055,006303,1,1245,+41.296630,-096.008985
31,055,006303,2,1538,+41.296535,-096.000166
31,055,006400,1,591,+41.276432,-096.009577
31,055,006400,2,600,+41.273651,-096.009639
31,055,006400,3,794,+41.271416,-096.014188
31,055,006400,4,649,+41.266849,-096.019500
31,055,006400,5,608,+41.268066,-096.007735
31,055,006400,6,919,+41.274813,-096.018831
31,055,006400,7,734,+41.279622,-096.018785
31,055,006503,1,655,+41.304145,-096.041594
31,055,006503,2,1005,+41.300776,-096.042823
31,055,006503,3,864,+41.308320,-096.033905
31,055,006504,1,735,+41.296048,-096.030709
31,055,006504,2,234,+41.298280,-096.026721
31,055,006504,3,1296,+41.293891,-096.045169
31,055,006504,4,1201,+41.289255,-096.033157
31,055,006505,1,991,+41.323978,-096.017626
31,055,006505,2,865,+41.321518,-096.009702
31,055,006506,1,1099,+41.307456,-096.009512
31,055,006506,2,1086,+41.311170,-096.011811
31,055,006506,3,1181,+41.313652,-096.017862
31,055,006602,1,947,+41.273544,-096.057374
31,055,006602,2,914,+41.275553,-096.049120
31,055,006602,3,1046,+41.266593,-096.042764
31,055,006602,4,778,+41.267057,-096.050419
31,055,006602,5,987,+41.267425,-096.055199
31,055,006602,6,941,+41.268136,-096.059640
31,055,006603,1,612,+41.280876,-096.039944
31,055,006603,2,728,+41.281800,-096.032890
31,055,006603,3,1094,+41.280625,-096.027750
31,055,006604,1,745,+41.275193,-096.039659
31,055,006604,2,947,+41.275830,-096.029323
31,055,006604,3,709,+41.272151,-096.032461
31,055,006604,4,693,+41.268769,-096.031581
31,055,006604,5,794,+41.265408,-096.030571
31,055,006701,1,1425,+41.253627,-096.034022
31,055,006701,2,1117,+41.255531,-096.047243
31,055,006701,3,1156,+41.255681,-096.057212
31,055,006703,1,1167,+41.254044,-096.088010
31,055,006703,2,1076,+41.260397,-096.097020
31,055,006703,3,790,+41.253006,-096.095761
31,055,006704,1,441,+41.256670,-096.074215
31,055,006704,2,1135,+41.255096,-096.067756
31,055,006803,1,805,+41.244998,-096.093682
31,055,006803,2,1207,+41.237915,-096.093296
31,055,006804,1,1538,+41.239049,-096.076388
31,055,006805,1,727,+41.244895,-096.067671
31,055,006805,2,1018,+41.243607,-096.057039
31,055,006805,3,663,+41.244284,-096.045948
31,055,006805,4,831,+41.237318,-096.045732
31,055,006806,1,806,+41.242838,-096.037758
31,055,006806,2,1055,+41.246349,-096.030772
31,055,006806,3,724,+41.240813,-096.027680
31,055,006903,1,1114,+41.226010,-096.094790
31,055,006903,2,1346,+41.231440,-096.094629
31,055,006904,1,1332,+41.227070,-096.068396
31,055,006904,2,965,+41.229150,-096.076203
31,055,006904,3,717,+41.229702,-096.082627
31,055,006904,4,847,+41.229277,-096.059157
31,055,006905,1,918,+41.228009,-096.050111
31,055,006905,2,871,+41.226064,-096.053822
31,055,006906,1,1331,+41.230149,-096.036054
31,055,006906,2,747,+41.230539,-096.027460
31,055,006906,3,1163,+41.225656,-096.031742
31,055,007001,1,1324,+41.233898,-096.020083
31,055,007001,2,1682,+41.238583,-096.009693
31,055,007001,3,938,+41.225479,-096.015645
31,055,007002,1,1036,+41.228827,-095.984502
31,055,007002,2,906,+41.225056,-095.984296
31,055,007002,3,762,+41.228618,-095.999797
31,055,007002,4,696,+41.225383,-095.997070
31,055,007003,1,1265,+41.216128,-096.008213
31,055,007003,2,1138,+41.216300,-095.980691
31,055,007101,1,1266,+41.208647,-096.000711
31,055,007101,2,1856,+41.208988,-095.988060
31,055,007102,1,830,+41.202084,-095.998141
31,055,007102,2,1028,+41.201512,-095.990237
31,055,007102,3,915,+41.193227,-095.994243
31,055,007102,4,854,+41.195691,-095.982699
31,055,007303,1,1041,+41.354659,-095.969459
31,055,007303,2,644,+41.378016,-095.974964
31,055,007303,3,1149,+41.365642,-096.002982
31,055,007304,1,570,+41.336040,-095.977764
31,055,007304,2,958,+41.339432,-095.998877
31,055,007309,1,1005,+41.323503,-096.085959
31,055,007309,2,1526,+41.327607,-096.082953
31,055,007309,3,1700,+41.320389,-096.091082
31,055,007310,1,1048,+41.309288,-096.084613
31,055,007310,2,811,+41.313106,-096.088479
31,055,007310,3,959,+41.311406,-096.094368
31,055,007311,1,2117,+41.317556,-096.077381
31,055,007311,2,1392,+41.309135,-096.077677
31,055,007312,1,1098,+41.310003,-096.060406
31,055,007312,2,832,+41.310696,-096.068641
31,055,007313,1,1876,+41.327201,-096.040168
31,055,007313,2,1519,+41.316894,-096.037158
31,055,007313,3,1807,+41.322806,-096.029201
31,055,007313,4,1068,+41.322998,-096.051146
31,055,007314,1,1919,+41.332630,-096.151143
31,055,007314,2,1142,+41.325566,-096.149517
31,055,007315,1,2421,+41.315393,-096.119114
31,055,007315,2,896,+41.309518,-096.115029
31,055,007316,1,1731,+41.316760,-096.147851
31,055,007316,2,1066,+41.311638,-096.151587
31,055,007317,1,750,+41.359752,-096.054055
31,055,007317,2,1557,+41.354917,-096.147425
31,055,007317,3,1733,+41.341061,-096.037771
31,055,007318,1,1291,+41.368982,-096.169656
31,055,007318,2,1564,+41.313543,-096.167620
31,055,007318,3,657,+41.329722,-096.167381
31,055,007318,4,373,+41.340383,-096.170856
31,055,007405,1,782,+41.275408,-096.131809
31,055,007405,2,665,+41.271928,-096.126162
31,055,007405,3,745,+41.257785,-096.130991
31,055,007406,1,1115,+41.238573,-096.123989
31,055,007406,2,1399,+41.238383,-096.133675
31,055,007406,3,1452,+41.243884,-096.133626
31,055,007406,4,1158,+41.245162,-096.125104
31,055,007407,1,1557,+41.245655,-096.105718
31,055,007407,2,786,+41.237794,-096.104562
31,055,007407,3,735,+41.237674,-096.111854
31,055,007408,1,1031,+41.227492,-096.103438
31,055,007408,2,1224,+41.223334,-096.116284
31,055,007408,3,911,+41.230287,-096.112228
31,055,007408,4,958,+41.224830,-096.108538
31,055,007409,1,820,+41.227610,-096.124830
31,055,007409,2,833,+41.231410,-096.125055
31,055,007409,3,661,+41.230553,-096.141705
31,055,007424,1,807,+41.283371,-096.062119
31,055,007424,2,928,+41.280824,-096.070395
31,055,007424,3,1132,+41.280493,-096.058013
31,055,007429,1,974,+41.237750,-096.145511
31,055,007429,2,966,+41.238329,-096.153886
31,055,007429,3,1432,+41.243883,-096.154132
31,055,007431,1,1423,+41.304408,-096.130326
31,055,007431,2,891,+41.298957,-096.134101
31,055,007431,3,799,+41.294199,-096.132064
31,055,007431,4,1381,+41.299241,-096.124068
31,055,007432,1,897,+41.303831,-096.114534
31,055,007432,2,954,+41.299803,-096.116828
31,055,007432,3,1319,+41.297035,-096.110184
31,055,007433,1,681,+41.303750,-096.084299
31,055,007433,2,807,+41.294078,-096.090401
31,055,007433,3,800,+41.291713,-096.085427
31,055,007433,4,927,+41.298193,-096.091852
31,055,007433,5,1025,+41.303853,-096.092856
31,055,007434,1,1150,+41.301890,-096.076628
31,055,007434,2,1112,+41.292587,-096.078940
31,055,007434,3,1167,+41.294018,-096.074773
31,055,007435,1,1180,+41.299021,-096.057451
31,055,007435,2,694,+41.302903,-096.064059
31,055,007435,3,939,+41.300537,-096.068072
31,055,007435,4,622,+41.304143,-096.058163
31,055,007436,1,1262,+41.287597,-096.068221
31,055,007436,2,907,+41.292694,-096.068086
31,055,007436,3,1138,+41.287905,-096.059614
31,055,007436,4,929,+41.293980,-096.057855
31,055,007438,1,1218,+41.282297,-096.134407
31,055,007438,2,792,+41.283320,-096.123646
31,055,007439,1,841,+41.280756,-096.115705
31,055,007439,2,1120,+41.285660,-096.113769
31,055,007439,3,1146,+41.280852,-096.106658
31,055,007439,4,904,+41.285821,-096.104759
31,055,007439,5,594,+41.289055,-096.103299
31,055,007440,1,891,+41.284154,-096.091234
31,055,007440,2,903,+41.279733,-096.086166
31,055,007441,1,1655,+41.273900,-096.162905
31,055,007441,2,1078,+41.267598,-096.166890
31,055,007442,1,975,+41.267574,-096.144453
31,055,007442,2,1108,+41.268041,-096.151663
31,055,007442,3,1165,+41.272046,-096.155641
31,055,007442,4,997,+41.274002,-096.148580
31,055,007442,5,758,+41.273451,-096.143265
31,055,007443,1,974,+41.275235,-096.112729
31,055,007443,2,828,+41.269967,-096.114561
31,055,007443,3,967,+41.267250,-096.107368
31,055,007443,4,617,+41.275127,-096.103420
31,055,007444,1,2056,+41.274012,-096.088811
31,055,007444,2,1421,+41.272315,-096.083607
31,055,007444,3,707,+41.265499,-096.096257
31,055,007445,1,1409,+41.272262,-096.070073
31,055,007445,2,997,+41.272564,-096.079670
31,055,007446,1,969,+41.261135,-096.166427
31,055,007446,2,629,+41.257773,-096.163273
31,055,007446,3,1191,+41.253041,-096.162457
31,055,007446,4,1208,+41.253936,-096.172573
31,055,007447,1,1509,+41.259946,-096.152984
31,055,007447,2,1326,+41.252753,-096.152428
31,055,007448,1,876,+41.252280,-096.105781
31,055,007448,2,891,+41.252474,-096.114170
31,055,007448,3,1037,+41.258098,-096.111191
31,055,007449,1,1229,+41.244088,-096.180879
31,055,007449,2,1951,+41.242780,-096.189687
31,055,007450,1,1228,+41.244844,-096.170576
31,055,007450,2,1004,+41.237564,-096.165966
31,055,007450,3,1262,+41.238191,-096.172491
31,055,007451,1,1413,+41.227208,-096.176243
31,055,007451,2,706,+41.230439,-096.171542
31,055,007451,3,734,+41.232817,-096.163943
31,055,007451,4,831,+41.229967,-096.162333
31,055,007451,5,1462,+41.223180,-096.152816
31,055,007452,1,1523,+41.208200,-096.186000
31,055,007452,2,1799,+41.215301,-096.191229
31,055,007452,3,1955,+41.215152,-096.183585
31,055,007453,1,892,+41.213113,-096.170010
31,055,007453,2,1574,+41.208144,-096.171152
31,055,007453,3,979,+41.208738,-096.162475
31,055,007454,1,1697,+41.213555,-096.152217
31,055,007454,2,1579,+41.215480,-096.142716
31,055,007454,3,1272,+41.208619,-096.144535
31,055,007455,1,968,+41.208617,-096.135588
31,055,007455,2,520,+41.209632,-096.127081
31,055,007456,1,583,+41.208397,-096.116051
31,055,007456,2,988,+41.208333,-096.108643
31,055,007456,3,739,+41.209408,-096.104140
31,055,007457,1,703,+41.210284,-096.075203
31,055,007457,2,879,+41.207453,-096.072739
31,055,007457,3,1079,+41.207168,-096.065941
31,055,007458,1,1267,+41.209177,-096.057694
31,055,007458,2,849,+41.209273,-096.048458
31,055,007458,3,865,+41.207910,-096.046325
31,055,007459,1,1540,+41.208184,-096.034983
31,055,007459,2,776,+41.203645,-096.035716
31,055,007459,3,537,+41.201429,-096.036767
31,055,007460,1,1543,+41.201309,-096.185452
31,055,007460,2,2401,+41.195068,-096.187585
31,055,007461,1,2083,+41.200642,-096.169207
31,055,007461,2,2629,+41.194036,-096.168591
31,055,007461,3,1421,+41.200634,-096.161043
31,055,007462,1,1086,+41.194674,-096.143710
31,055,007462,2,649,+41.203310,-096.153556
31,055,007462,3,809,+41.202113,-096.144612
31,055,007462,4,1031,+41.195716,-096.149757
31,055,007462,5,1189,+41.196395,-096.155038
31,055,007463,1,1086,+41.198827,-096.132834
31,055,007463,2,927,+41.199507,-096.125459
31,055,007463,3,1359,+41.193825,-096.124752
31,055,007463,4,1140,+41.193623,-096.134014
31,055,007464,1,627,+41.193387,-096.114902
31,055,007464,2,724,+41.198659,-096.100740
31,055,007464,3,644,+41.202398,-096.105388
31,055,007464,4,623,+41.203382,-096.113090
31,055,007465,1,1288,+41.203516,-096.086037
31,055,007465,2,937,+41.200891,-096.088296
31,055,007465,3,1445,+41.195286,-096.089130
31,055,007465,4,827,+41.192639,-096.083633
31,055,007466,1,764,+41.193091,-096.077347
31,055,007466,2,926,+41.197003,-096.075376
31,055,007466,3,922,+41.202406,-096.076918
31,055,007466,4,796,+41.203552,-096.069894
31,055,007466,5,725,+41.196164,-096.069190
31,055,007466,6,1377,+41.197174,-096.066102
31,055,007467,1,649,+41.203393,-096.057688
31,055,007467,2,1047,+41.200500,-096.058912
31,055,007467,3,1194,+41.194362,-096.057831
31,055,007467,4,698,+41.192681,-096.048149
31,055,007467,5,1124,+41.203245,-096.048437
31,055,007468,1,671,+41.196275,-096.027282
31,055,007468,2,712,+41.192309,-096.028917
31,055,007468,3,1015,+41.193850,-096.039197
31,055,007469,1,1958,+41.297364,-096.170324
31,055,007469,2,1284,+41.299679,-096.163026
31,055,007470,1,1729,+41.302348,-096.146172
31,055,007470,2,1764,+41.299235,-096.151672
31,055,007470,3,955,+41.297110,-096.141612
31,055,007470,4,1123,+41.293722,-096.149820
31,055,007471,1,1941,+41.285222,-096.164227
31,055,007471,2,1654,+41.281047,-096.172369
31,055,007472,1,1870,+41.283312,-096.144360
31,055,007472,2,1239,+41.287755,-096.153171
31,055,007472,3,1377,+41.280982,-096.152304
31,055,007504,1,1236,+41.310060,-096.359606
31,055,007504,2,744,+41.309310,-096.344912
31,055,007504,3,1181,+41.333632,-096.336721
31,055,007505,1,1228,+41.353266,-096.234722
31,055,007505,2,1810,+41.295010,-096.244246
31,055,007506,1,717,+41.287601,-096.238140
31,055,007506,2,1452,+41.273230,-096.245720
31,055,007508,1,1234,+41.250831,-096.294596
31,055,007508,2,1245,+41.280555,-096.298498
31,055,007509,1,734,+41.253340,-096.252549
31,055,007509,2,1238,+41.247732,-096.248349
31,055,007509,3,983,+41.252185,-096.251763
31,055,007509,4,779,+41.215656,-096.267051
31,055,007511,1,959,+41.299743,-096.203437
31,055,007511,2,1524,+41.297731,-096.182248
31,055,007511,3,2171,+41.283776,-096.182564
31,055,007512,1,2685,+41.284053,-096.226513
31,055,007512,2,1234,+41.276799,-096.209337
31,055,007512,3,1743,+41.273329,-096.183773
31,055,007513,1,1859,+41.255512,-096.225806
31,055,007513,2,2053,+41.254154,-096.204547
31,055,007513,3,916,+41.254578,-096.186013
31,055,007514,1,1209,+41.242791,-096.221107
31,055,007514,2,2049,+41.240592,-096.205132
31,055,007515,1,925,+41.223353,-096.224838
31,055,007515,2,2693,+41.223491,-096.207460
31,055,007516,1,1364,+41.211462,-096.222820
31,055,007516,2,1679,+41.211003,-096.208376
31,055,007517,1,1112,+41.199201,-096.221055
31,055,007517,2,1995,+41.201934,-096.207841
31,055,007517,3,1233,+41.193688,-096.207105
31,057,962300,1,623,+40.114360,-101.478824
31,057,962300,2,702,+40.116598,-101.774058
31,057,962300,3,683,+40.049818,-101.536356
31,059,091600,1,1310,+40.642304,-097.512567
31,059,091600,2,1009,+40.487189,-097.447286
31,059,091700,1,1252,+40.501550,-097.710657
31,059,091700,2,1332,+40.527869,-097.600785
31,059,091700,3,987,+40.527418,-097.599459
31,061,964600,1,712,+40.291400,-098.807403
31,061,964600,2,710,+40.310579,-099.051942
31,061,964700,1,1005,+40.109081,-098.933127
31,061,964700,2,798,+40.084541,-098.995234
31,063,961100,1,733,+40.571349,-100.613331
31,063,961100,2,952,+40.603406,-100.126918
31,063,961100,3,1071,+40.637097,-100.507510
31,065,963900,1,812,+40.292528,-100.104714
31,065,963900,2,695,+40.141195,-099.964343
31,065,963900,3,689,+40.287979,-100.174386
31,065,963900,4,1076,+40.306362,-099.898836
31,065,963900,5,961,+40.266646,-099.679661
31,065,963900,6,726,+40.151358,-099.817527
31,067,964600,1,1809,+40.459267,-096.561131
31,067,964600,2,916,+40.278498,-096.564982
31,067,964700,1,1442,+40.443957,-096.724189
31,067,964700,2,1019,+40.385618,-096.857360
31,067,964700,3,1060,+40.094286,-096.805975
31,067,964800,1,1699,+40.247477,-096.743124
31,067,964800,2,751,+40.260824,-096.773030
31,067,964800,3,760,+40.280010,-096.753770
31,067,964800,4,719,+40.270513,-096.774650
31,067,964900,1,1410,+40.277192,-096.719226
31,067,964900,2,746,+40.264487,-096.733367
31,067,964900,3,882,+40.269286,-096.733309
31,067,964900,4,765,+40.267144,-096.724037
31,067,965000,1,612,+40.274724,-096.731109
31,067,965000,2,886,+40.281124,-096.731357
31,067,965000,3,740,+40.276422,-096.743501
31,067,965000,4,576,+40.274071,-096.737608
31,067,965000,5,680,+40.280880,-096.738931
31,067,965100,1,857,+40.261633,-096.737106
31,067,965100,2,1211,+40.268226,-096.743594
31,067,965200,1,1312,+40.143779,-096.659119
31,067,965200,2,1459,+40.098017,-096.632775
31,069,952100,1,928,+41.444007,-102.307397
31,069,952100,2,1129,+41.405310,-102.331746
31,071,973200,1,807,+41.830222,-099.065207
31,071,973200,2,1242,+41.781920,-099.134528
31,073,967600,1,1047,+40.589265,-099.796355
31,073,967600,2,997,+40.595127,-099.867371
31,075,956300,1,614,+41.984368,-101.731402
31,077,970900,1,1300,+41.600231,-098.391638
31,077,970900,2,1238,+41.510208,-098.608925
31,079,000100,1,1300,+40.997643,-098.611495
31,079,000100,2,1217,+40.963784,-098.452322
31,079,000200,1,1206,+40.944419,-098.343618
31,079,000200,2,1053,+40.940842,-098.346496
31,079,000200,3,1048,+40.933418,-098.341263
31,079,000200,4,1763,+40.938216,-098.333545
31,079,000300,1,755,+40.942130,-098.353662
31,079,000300,2,1514,+40.935583,-098.353470
31,079,000300,3,1671,+40.931334,-098.351295
31,079,000300,4,1394,+40.928770,-098.346602
31,079,000300,5,1051,+40.924714,-098.354590
31,079,000400,1,657,+40.949886,-098.378285
31,079,000400,2,1092,+40.943056,-098.362707
31,079,000400,3,1268,+40.942648,-098.373475
31,079,000400,4,1051,+40.934942,-098.374626
31,079,000400,5,1321,+40.934954,-098.363573
31,079,000500,1,1859,+40.951067,-098.403663
31,079,000500,2,1814,+40.939232,-098.399410
31,079,000500,3,1079,+40.939856,-098.411948
31,079,000600,1,1699,+40.923705,-098.401862
31,079,000600,2,1091,+40.899166,-098.412958
31,079,000600,3,1740,+40.887464,-098.394300
31,079,000700,1,1194,+40.927664,-098.362370
31,079,000700,2,1128,+40.921343,-098.363972
31,079,000700,3,1223,+40.921724,-098.373308
31,079,000700,4,959,+40.928155,-098.374204
31,079,000800,1,965,+40.913009,-098.363135
31,079,000800,2,923,+40.910840,-098.360955
31,079,000800,3,1091,+40.905304,-098.361300
31,079,000900,1,1419,+40.920331,-098.348940
31,079,000900,2,1595,+40.916333,-098.346881
31,079,000900,3,667,+40.906247,-098.349445
31,079,000900,4,1361,+40.908774,-098.342704
31,079,001000,1,1221,+40.923763,-098.336183
31,079,001000,2,1700,+40.919664,-098.330045
31,079,001000,3,845,+40.929430,-098.311331
31,079,001000,4,988,+40.919904,-098.289879
31,079,001100,1,1223,+40.912896,-098.335931
31,079,001100,2,1263,+40.913138,-098.327204
31,079,001100,3,1596,+40.898263,-098.327986
31,079,001200,1,1300,+40.897112,-098.368764
31,079,001200,2,1178,+40.896855,-098.352709
31,079,001200,3,1112,+40.890718,-098.346933
31,079,001300,1,1715,+40.816997,-098.435925
31,079,001300,2,1170,+40.780146,-098.360936
31,079,001400,1,1439,+40.827322,-098.603927
31,079,001400,2,689,+40.785899,-098.590400
31,081,969100,1,993,+40.828956,-097.894433
31,081,969100,2,941,+41.032015,-097.915100
31,081,969200,1,832,+40.943425,-098.051701
31,081,969200,2,747,+40.887881,-098.230147
31,081,969200,3,903,+40.769555,-098.162778
31,081,969300,1,1432,+40.867481,-097.992150
31,081,969300,2,1105,+40.872170,-098.010629
31,081,969300,3,1102,+40.859861,-098.007776
31,081,969300,4,1069,+40.866511,-098.005474
31,083,964200,1,1212,+40.222117,-099.477351
31,083,964200,2,992,+40.103447,-099.327703
31,083,964200,3,1219,+40.104088,-099.388262
31,085,961500,1,967,+40.495630,-101.058515
31,087,962700,1,725,+40.308807,-101.055306
31,087,962700,2,752,+40.232030,-100.834959
31,087,962700,3,700,+40.177974,-101.016847
31,087,962700,4,731,+40.127811,-101.125891
31,089,974000,1,621,+42.607419,-098.647390
31,089,974000,2,1024,+42.627083,-099.098405
31,089,974100,1,1154,+42.339049,-098.419576
31,089,974100,2,706,+42.344807,-098.940026
31,089,974100,3,704,+42.184429,-098.652163
31,089,974200,1,1133,+42.520087,-098.933440
31,089,974200,2,777,+42.533862,-098.986801
31,089,974300,1,826,+42.466709,-098.640499
31,089,974300,2,814,+42.468411,-098.650092
31,089,974300,3,1080,+42.461663,-098.661789
31,089,974300,4,812,+42.461172,-098.649721
31,089,974300,5,784,+42.453583,-098.633216
31,091,956700,1,736,+42.016041,-101.062839
31,093,970500,1,862,+41.240866,-098.409483
31,093,970500,2,832,+41.083499,-098.393561
31,093,970600,1,878,+41.270705,-098.600836
31,093,970600,2,1011,+41.213744,-098.455821
31,093,970600,3,1477,+41.214659,-098.465166
31,093,970600,4,1214,+41.116399,-098.609749
31,095,963600,1,1266,+40.254428,-097.009602
31,095,963600,2,705,+40.274496,-097.240591
31,095,963600,3,1323,+40.085571,-097.096257
31,095,963700,1,1672,+40.147689,-097.171113
31,095,963700,2,1263,+40.143286,-097.180298
31,095,963800,1,1318,+40.137463,-097.179229
31,097,967500,1,965,+40.457789,-096.209676
31,097,967500,2,1046,+40.435304,-096.389618
31,097,967600,1,2172,+40.373801,-096.175978
31,097,967600,2,1034,+40.372294,-096.195719
31,099,966600,1,1396,+40.552447,-098.894986
31,099,966600,2,1368,+40.538620,-099.118146
31,099,966600,3,694,+40.394063,-099.124848
31,099,966700,1,1424,+40.495620,-098.956158
31,099,966700,2,1607,+40.496489,-098.946184
31,101,000100,1,694,+41.129806,-101.724918
31,101,000100,2,755,+41.127213,-101.721574
31,101,000200,1,946,+41.134377,-101.711285
31,101,000200,2,971,+41.129179,-101.707569
31,101,000200,3,695,+41.127909,-101.734562
31,101,000200,4,732,+41.141518,-101.730722
31,101,000300,1,1764,+41.211480,-101.800085
31,101,000300,2,838,+41.133984,-101.399244
31,101,000300,3,973,+41.072686,-101.646836
31,103,975400,1,824,+42.868344,-099.703607
31,105,954500,1,1032,+41.228373,-103.669580
31,105,954500,2,772,+41.236470,-103.670722
31,105,954500,3,743,+41.233644,-103.653659
31,105,954500,4,1274,+41.233937,-103.651573
31,107,976200,1,1399,+42.615509,-098.111379
31,107,976200,2,1707,+42.485024,-097.912263
31,107,976300,1,1374,+42.507796,-097.599283
31,107,976300,2,1098,+42.596604,-097.648384
31,107,976400,1,1736,+42.737019,-097.541993
31,107,976400,2,1387,+42.768269,-097.907491
31,109,000100,1,1114,+40.858157,-096.622318
31,109,000100,2,1128,+40.855082,-096.629830
31,109,000100,3,1122,+40.855605,-096.637486
31,109,000201,1,853,+40.848798,-096.628956
31,109,000201,2,1165,+40.842846,-096.630841
31,109,000201,3,719,+40.837071,-096.638291
31,109,000201,4,673,+40.841802,-096.640290
31,109,000201,5,1244,+40.847815,-096.640146
31,109,000202,1,1242,+40.848918,-096.648943
31,109,000202,2,1213,+40.843326,-096.648403
31,109,000202,3,1896,+40.838329,-096.648909
31,109,000300,1,621,+40.844570,-096.656160
31,109,000300,2,757,+40.838351,-096.656244
31,109,000300,3,1469,+40.838589,-096.665224
31,109,000300,4,505,+40.843118,-096.662394
31,109,000400,1,1540,+40.831600,-096.682306
31,109,000400,2,1428,+40.828760,-096.677646
31,109,000400,3,998,+40.824746,-096.679699
31,109,000400,4,1179,+40.826515,-096.688099
31,109,000500,1,1648,+40.824704,-096.708702
31,109,000600,1,3542,+40.823013,-096.698113
31,109,000600,2,2871,+40.818997,-096.697783
31,109,000700,1,1227,+40.820284,-096.684907
31,109,000700,2,1343,+40.818513,-096.688075
31,109,000800,1,1151,+40.818851,-096.672480
31,109,000800,2,1371,+40.815287,-096.677208
31,109,000800,3,975,+40.820001,-096.679202
31,109,000900,1,1074,+40.828087,-096.660326
31,109,000900,2,611,+40.817194,-096.663307
31,109,000900,3,833,+40.822624,-096.664129
31,109,000900,4,1231,+40.826326,-096.667556
31,109,001001,1,913,+40.833426,-096.637807
31,109,001001,2,1134,+40.831567,-096.648209
31,109,001001,3,950,+40.829837,-096.637593
31,109,001002,1,1569,+40.818632,-096.645797
31,109,001003,1,1885,+40.824248,-096.638853
31,109,001003,2,1393,+40.824444,-096.648558
31,109,001101,1,1408,+40.846143,-096.619994
31,109,001101,2,2155,+40.839123,-096.615437
31,109,001101,3,992,+40.838037,-096.625345
31,109,001102,1,1059,+40.830930,-096.627194
31,109,001102,2,2397,+40.832046,-096.616153
31,109,001200,1,1681,+40.824484,-096.613269
31,109,001200,2,2065,+40.817408,-096.614023
31,109,001200,3,930,+40.819152,-096.627755
31,109,001200,4,1479,+40.824311,-096.625742
31,109,001301,1,1408,+40.809783,-096.634553
31,109,001301,2,874,+40.803848,-096.639513
31,109,001301,3,1387,+40.802867,-096.629827
31,109,001302,1,828,+40.795046,-096.638900
31,109,001302,2,916,+40.794843,-096.630816
31,109,001302,3,1156,+40.789603,-096.635980
31,109,001400,1,892,+40.810470,-096.647580
31,109,001400,2,940,+40.804359,-096.649482
31,109,001400,3,925,+40.801907,-096.658909
31,109,001400,4,1078,+40.806586,-096.658162
31,109,001400,5,859,+40.811094,-096.658238
31,109,001500,1,842,+40.794297,-096.648970
31,109,001500,2,1186,+40.795298,-096.658409
31,109,001500,3,1731,+40.788922,-096.654177
31,109,001500,4,853,+40.796878,-096.667351
31,109,001600,1,875,+40.810600,-096.668658
31,109,001600,2,1349,+40.805346,-096.668182
31,109,001600,3,823,+40.800854,-096.668314
31,109,001600,4,1343,+40.803712,-096.677067
31,109,001600,5,1322,+40.809270,-096.678806
31,109,001700,1,609,+40.804220,-096.687906
31,109,001700,2,1089,+40.800638,-096.686130
31,109,001700,3,1026,+40.801100,-096.693342
31,109,001700,4,669,+40.804748,-096.693721
31,109,001700,5,1011,+40.806870,-096.692943
31,109,001700,6,545,+40.807738,-096.695551
31,109,001800,1,598,+40.813577,-096.690082
31,109,001800,2,1117,+40.809704,-096.684883
31,109,001900,1,993,+40.814589,-096.702049
31,109,002001,1,1047,+40.805209,-096.699872
31,109,002001,2,580,+40.801980,-096.698075
31,109,002001,3,699,+40.801477,-096.701194
31,109,002002,1,893,+40.804943,-096.705584
31,109,002002,2,1318,+40.801391,-096.705604
31,109,002002,3,729,+40.807566,-096.705694
31,109,002100,1,1130,+40.804937,-096.712797
31,109,002100,2,1018,+40.802185,-096.717902
31,109,002200,1,852,+40.797673,-096.700435
31,109,002200,2,962,+40.794340,-096.700237
31,109,002200,3,1013,+40.787165,-096.701662
31,109,002200,4,866,+40.789065,-096.707400
31,109,002200,5,820,+40.795316,-096.711207
31,109,002200,6,991,+40.796154,-096.706325
31,109,002300,1,708,+40.797040,-096.680874
31,109,002300,2,828,+40.793259,-096.681350
31,109,002300,3,745,+40.796152,-096.685721
31,109,002300,4,943,+40.795932,-096.690241
31,109,002300,5,739,+40.788756,-096.689713
31,109,002300,6,598,+40.788418,-096.694457
31,109,002300,7,1452,+40.795352,-096.694171
31,109,002400,1,951,+40.787649,-096.676684
31,109,002400,2,801,+40.779779,-096.679850
31,109,002400,3,636,+40.783169,-096.681433
31,109,002400,4,710,+40.788881,-096.683450
31,109,002500,1,1301,+40.780760,-096.649490
31,109,002500,2,986,+40.779943,-096.666604
31,109,002500,3,907,+40.784410,-096.664139
31,109,002500,4,1182,+40.789473,-096.669106
31,109,002500,5,935,+40.781503,-096.656709
31,109,002701,1,1059,+40.774860,-096.649488
31,109,002701,2,809,+40.771191,-096.649329
31,109,002701,3,1300,+40.773234,-096.658082
31,109,002702,1,1183,+40.766631,-096.649873
31,109,002702,2,884,+40.765216,-096.657415
31,109,002702,3,1119,+40.768841,-096.664381
31,109,002702,4,1137,+40.773307,-096.672298
31,109,002702,5,1071,+40.761622,-096.648241
31,109,002800,1,1154,+40.774488,-096.684382
31,109,002800,2,1151,+40.771143,-096.689740
31,109,002800,3,592,+40.775508,-096.696952
31,109,002800,4,995,+40.780518,-096.702411
31,109,002800,5,1239,+40.781628,-096.696565
31,109,002900,1,1170,+40.852857,-096.658697
31,109,002900,2,3798,+40.868674,-096.674624
31,109,003001,1,1710,+40.868034,-096.687823
31,109,003001,2,1103,+40.860870,-096.687250
31,109,003001,3,3935,+40.864712,-096.696035
31,109,003002,1,1367,+40.853401,-096.706661
31,109,003002,2,819,+40.846434,-096.705196
31,109,003002,3,1159,+40.842840,-096.707679
31,109,003003,1,2774,+40.852895,-096.692506
31,109,003003,2,2173,+40.845314,-096.695258
31,109,003102,1,1875,+40.872002,-096.729808
31,109,003102,2,2250,+40.861654,-096.730782
31,109,003102,3,1775,+40.867939,-096.733789
31,109,003103,1,1241,+40.847821,-096.716583
31,109,003103,2,1205,+40.839915,-096.717151
31,109,003104,1,874,+40.837220,-096.727666
31,109,003104,2,1326,+40.851716,-096.723126
31,109,003104,3,1589,+40.840765,-096.729032
31,109,003104,4,1273,+40.845417,-096.726321
31,109,003202,1,1699,+40.848571,-096.792169
31,109,003202,2,1457,+40.856989,-096.791200
31,109,003301,1,2904,+40.823484,-096.733132
31,109,003301,2,1215,+40.815893,-096.746316
31,109,003302,1,3830,+40.835985,-096.788537
31,109,003401,1,5805,+40.794127,-096.762246
31,109,003402,1,1523,+40.795742,-096.744113
31,109,003402,2,2379,+40.797582,-096.734577
31,109,003402,3,2314,+40.789260,-096.742206
31,109,003500,1,212,+40.781073,-096.733047
31,109,003601,1,1125,+40.770011,-096.703848
31,109,003604,1,2787,+40.740499,-096.735530
31,109,003605,1,1590,+40.760027,-096.687605
31,109,003605,2,1183,+40.758210,-096.706821
31,109,003605,3,780,+40.764392,-096.690403
31,109,003607,1,3581,+40.733259,-096.692302
31,109,003608,1,1114,+40.749079,-096.705665
31,109,003609,1,2369,+40.748632,-096.691870
31,109,003704,1,1576,+40.762095,-096.672027
31,109,003704,2,1777,+40.759475,-096.679162
31,109,003704,3,1065,+40.757958,-096.659237
31,109,003704,4,836,+40.757231,-096.669604
31,109,003706,1,1856,+40.779055,-096.638448
31,109,003706,2,1799,+40.777996,-096.617744
31,109,003706,3,2209,+40.778795,-096.611617
31,109,003707,1,678,+40.767013,-096.641186
31,109,003707,2,1109,+40.764894,-096.635506
31,109,003707,3,1766,+40.761170,-096.632390
31,109,003707,4,4107,+40.761640,-096.616696
31,109,003708,1,2639,+40.750385,-096.674001
31,109,003708,2,1482,+40.744221,-096.672002
31,109,003709,1,1604,+40.751455,-096.657367
31,109,003709,2,1133,+40.751281,-096.649464
31,109,003709,3,1181,+40.744239,-096.658340
31,109,003709,4,1090,+40.744160,-096.648907
31,109,003713,1,2392,+40.750380,-096.615910
31,109,003714,1,2147,+40.734835,-096.636727
31,109,003715,1,2500,+40.736756,-096.654893
31,109,003716,1,5105,+40.733917,-096.672300
31,109,003717,1,2543,+40.829930,-096.599438
31,109,003718,1,2126,+40.777356,-096.597416
31,109,003719,1,3707,+40.744696,-096.593706
31,109,003720,1,1380,+40.714536,-096.650023
31,109,003801,1,1002,+40.794647,-096.610268
31,109,003801,2,1193,+40.794738,-096.619442
31,109,003801,3,2489,+40.786937,-096.616135
31,109,003802,1,1476,+40.809885,-096.615366
31,109,003802,2,1514,+40.803699,-096.611169
31,109,010100,1,1201,+40.963530,-096.631709
31,109,010100,2,2125,+40.882213,-096.520788
31,109,010100,3,2704,+40.914990,-096.530673
31,109,010201,1,3354,+40.878163,-096.707133
31,109,010202,1,1623,+40.849178,-096.856947
31,109,010202,2,1202,+40.945579,-096.849494
31,109,010202,3,1563,+40.969380,-096.747008
31,109,010300,1,2032,+40.714283,-096.844001
31,109,010300,2,1297,+40.632118,-096.735594
31,109,010300,3,526,+40.551772,-096.821179
31,109,010400,1,1250,+40.719128,-096.529629
31,109,010400,2,857,+40.682864,-096.504402
31,109,010400,3,3066,+40.629664,-096.608113
31,109,010400,4,952,+40.621766,-096.628865
31,109,010400,5,1696,+40.545353,-096.596538
31,109,983200,1,165,+40.858912,-096.778584
31,111,959700,1,1215,+41.210065,-100.733137
31,111,959700,2,867,+41.154287,-100.509794
31,111,959700,3,683,+41.016031,-100.347408
31,111,959700,4,904,+40.960898,-100.530178
31,111,959800,1,1003,+41.164394,-101.137033
31,111,959800,2,804,+41.172473,-101.105736
31,111,959800,3,1504,+41.173571,-100.955639
31,111,959900,1,1157,+41.144783,-100.750419
31,111,959900,2,1062,+41.155910,-100.802108
31,111,959900,3,821,+41.151792,-100.785842
31,111,959900,4,683,+41.152369,-100.776711
31,111,959900,5,1264,+41.145485,-100.775791
31,111,959900,6,656,+41.143743,-100.758980
31,111,960200,1,1396,+41.128271,-100.742386
31,111,960200,2,1160,+41.132934,-100.761250
31,111,960200,3,691,+41.128990,-100.754380
31,111,960200,4,1308,+41.133846,-100.747320
31,111,960300,1,944,+41.139507,-100.774251
31,111,960300,2,718,+41.137128,-100.775009
31,111,960300,3,655,+41.134786,-100.775268
31,111,960300,4,788,+41.129690,-100.767109
31,111,960300,5,733,+41.129844,-100.772974
31,111,960300,6,738,+41.130504,-100.778013
31,111,960400,1,669,+41.140522,-100.786442
31,111,960400,2,1395,+41.139040,-100.800412
31,111,960400,3,761,+41.135394,-100.795267
31,111,960400,4,692,+41.136553,-100.787577
31,111,960400,5,921,+41.129797,-100.786934
31,111,960400,6,1085,+41.129405,-100.798193
31,111,960500,1,1726,+41.124111,-100.760765
31,111,960500,2,934,+41.124200,-100.785161
31,111,960500,3,2490,+41.116525,-100.788356
31,111,960600,1,1514,+41.063343,-100.775454
31,111,960600,2,1385,+41.057814,-100.907797
31,111,960600,3,962,+40.813665,-101.004702
31,113,957500,1,763,+41.484178,-100.500737
31,115,972800,1,632,+41.816483,-099.402546
31,117,957900,1,539,+41.573310,-100.986347
31,119,960600,1,3002,+42.040893,-097.394142
31,119,960600,2,1161,+42.032246,-097.385236
31,119,960600,3,1331,+42.025135,-097.402801
31,119,960700,1,730,+42.048519,-097.406338
31,119,960700,2,1541,+42.048971,-097.419334
31,119,960700,3,966,+42.040609,-097.418320
31,119,960801,1,1152,+42.044433,-097.434237
31,119,960801,2,1319,+42.030200,-097.437937
31,119,960801,3,2316,+42.051504,-097.437392
31,119,960802,1,919,+42.056153,-097.460500
31,119,960802,2,2370,+42.042658,-097.454035
31,119,960900,1,754,+42.038029,-097.425486
31,119,960900,2,978,+42.031511,-097.422045
31,119,960900,3,809,+42.024840,-097.422124
31,119,960900,4,1029,+42.025959,-097.430093
31,119,960900,5,917,+42.033337,-097.428155
31,119,961000,1,1462,+42.029754,-097.413198
31,119,961000,2,1083,+42.023958,-097.413081
31,119,961000,3,646,+42.020146,-097.411906
31,119,961100,1,1041,+42.000074,-097.415847
31,119,961100,2,828,+42.014600,-097.410074
31,119,961200,1,977,+42.004809,-097.599605
31,119,961200,2,541,+42.009897,-097.752706
31,119,961200,3,695,+42.043120,-097.829424
31,119,961200,4,1300,+41.998732,-097.598430
31,119,961300,1,822,+41.932855,-097.443917
31,119,961300,2,612,+41.815956,-097.578065
31,119,961300,3,952,+41.765960,-097.776816
31,119,961300,4,1668,+41.832014,-097.453223
31,119,961300,5,955,+41.822505,-097.455331
31,121,966600,1,804,+41.193914,-098.006595
31,121,966600,2,1143,+41.273286,-097.745938
31,121,966700,1,800,+40.952924,-098.258008
31,121,966700,2,618,+41.047598,-098.131220
31,121,966700,3,1197,+41.165405,-098.246626
31,121,966800,1,1220,+41.113133,-097.993577
31,121,966800,2,956,+41.119586,-098.010330
31,121,966800,3,1107,+41.107410,-098.007162
31,123,952500,1,967,+41.731928,-103.216648
31,123,952500,2,974,+41.669768,-102.949990
31,123,952500,3,783,+41.764139,-103.323474
31,123,952500,4,723,+41.751628,-103.320974
31,123,952500,5,1595,+41.666733,-103.098477
31,125,966100,1,596,+41.404524,-098.099266
31,125,966100,2,636,+41.410987,-097.831065
31,125,966100,3,1136,+41.449718,-097.730212
31,125,966100,4,675,+41.361863,-097.977476
31,125,966100,5,692,+41.362252,-097.967759
31,127,968100,1,1087,+40.476511,-095.732659
31,127,968100,2,1251,+40.445277,-095.942196
31,127,968100,3,576,+40.328860,-095.929371
31,127,968100,4,681,+40.365584,-095.692482
31,127,968200,1,782,+40.395826,-095.843740
31,127,968200,2,1213,+40.383976,-095.849918
31,127,968200,3,860,+40.385881,-095.841547
31,127,968200,4,798,+40.385124,-095.833395
31,129,960000,1,695,+40.094824,-097.924159
31,129,960000,2,995,+40.241029,-098.028605
31,129,960000,3,704,+40.228764,-098.226673
31,129,960100,1,1104,+40.023413,-098.061245
31,129,960100,2,1002,+40.024923,-098.072045
31,131,966600,1,906,+40.565890,-095.948723
31,131,966600,2,1222,+40.696984,-095.973247
31,131,966700,1,1508,+40.663260,-096.163267
31,131,966700,2,1605,+40.664950,-096.184415
31,131,966800,1,965,+40.595100,-096.373412
31,131,966800,2,1928,+40.717675,-096.364802
31,131,966900,1,1797,+40.672048,-095.870548
31,131,966900,2,1252,+40.666053,-095.848560
31,131,966900,3,1549,+40.688621,-095.859663
31,131,967000,1,1073,+40.678148,-095.855998
31,131,967000,2,1320,+40.679825,-095.866141
31,131,967000,3,615,+40.674455,-095.860670
31,133,967800,1,829,+40.148212,-096.319976
31,133,967800,2,970,+40.147720,-096.099748
31,133,967800,3,974,+40.110862,-096.152358
31,135,959300,1,801,+40.845696,-101.811760
31,135,959300,2,816,+40.849084,-101.446700
31,135,959300,3,1353,+40.847125,-101.726298
31,137,967000,1,976,+40.441715,-099.365377
31,137,967000,2,931,+40.442555,-099.373896
31,137,967000,3,764,+40.434323,-099.374890
31,137,967100,1,885,+40.447019,-099.360974
31,137,967100,2,725,+40.448016,-099.371218
31,137,967100,3,855,+40.441962,-099.384026
31,137,967100,4,781,+40.446294,-099.395499
31,137,967200,1,593,+40.557204,-099.328454
31,137,967200,2,561,+40.618189,-099.510127
31,137,967200,3,862,+40.524448,-099.626450
31,137,967200,4,1255,+40.438455,-099.398150
31,139,979100,1,854,+42.309288,-097.452330
31,139,979100,2,2028,+42.198833,-097.530485
31,139,979100,3,944,+42.123311,-097.460242
31,139,979200,1,1070,+42.370321,-097.614255
31,139,979200,2,986,+42.243936,-097.666047
31,139,979200,3,1384,+42.352585,-097.788683
31,141,965100,1,1581,+41.681740,-097.515873
31,141,965100,2,896,+41.665063,-097.726499
31,141,965100,3,1260,+41.651082,-097.369653
31,141,965298,1,622,+41.543177,-097.522740
31,141,965298,2,777,+41.475847,-097.576970
31,141,965298,3,989,+41.401500,-097.469383
31,141,965298,4,820,+41.516242,-097.360139
31,141,965300,1,1197,+41.478624,-097.398068
31,141,965300,2,1384,+41.451841,-097.387950
31,141,965300,3,1342,+41.441145,-097.373686
31,141,965300,4,2216,+41.446447,-097.375441
31,141,965300,5,1340,+41.446698,-097.363703
31,141,965400,1,1807,+41.448245,-097.301484
31,141,965400,2,1719,+41.445548,-097.354036
31,141,965400,3,1280,+41.447322,-097.335730
31,141,965500,1,1173,+41.419132,-097.349187
31,141,965500,2,1077,+41.427264,-097.313263
31,141,965500,3,747,+41.433218,-097.345942
31,141,965500,4,841,+41.425114,-097.345622
31,141,965500,5,1589,+41.424040,-097.335860
31,141,965600,1,992,+41.435729,-097.355257
31,141,965600,2,1557,+41.430300,-097.359164
31,141,965600,3,1114,+41.424118,-097.357408
31,141,965600,4,729,+41.435762,-097.364131
31,141,965700,1,721,+41.421635,-097.381203
31,141,965700,2,1116,+41.432511,-097.380050
31,141,965700,3,662,+41.435793,-097.373232
31,141,965700,4,689,+41.430472,-097.373262
31,143,960000,1,1119,+41.287163,-097.538017
31,143,960000,2,1048,+41.180532,-097.548790
31,143,960100,1,1328,+41.172265,-097.447511
31,143,960100,2,661,+41.091719,-097.744091
31,143,960100,3,1250,+41.115855,-097.592946
31,145,963100,1,1043,+40.203479,-100.629158
31,145,963100,2,1055,+40.248715,-100.370498
31,145,963100,3,610,+40.100252,-100.375361
31,145,963200,1,998,+40.215222,-100.620057
31,145,963200,2,1315,+40.214976,-100.639361
31,145,963200,3,1157,+40.203242,-100.640668
31,145,963200,4,619,+40.211933,-100.627466
31,145,963200,5,929,+40.208130,-100.625083
31,145,963300,1,748,+40.204317,-100.628534
31,145,963300,2,835,+40.206692,-100.606540
31,145,963300,3,854,+40.203159,-100.620572
31,145,963300,4,892,+40.201411,-100.611787
31,147,964500,1,777,+40.200582,-095.730336
31,147,964500,2,998,+40.110144,-095.522055
31,147,968500,1,766,+40.089247,-095.814040
31,147,968500,2,1242,+40.174125,-095.940684
31,147,968600,1,1589,+40.070198,-095.604032
31,147,968600,2,1021,+40.051774,-095.597631
31,147,968600,3,1970,+40.061447,-095.600201
31,149,974600,1,717,+42.486407,-099.449163
31,149,974600,2,809,+42.580788,-099.536129
31,151,960600,1,1925,+40.635729,-096.968489
31,151,960600,2,2070,+40.627341,-096.952496
31,151,960600,3,1284,+40.618530,-096.960971
31,151,960600,4,2239,+40.620702,-096.949315
31,151,960700,1,1010,+40.652428,-097.127763
31,151,960700,2,1100,+40.649653,-097.285633
31,151,960800,1,876,+40.503486,-097.157550
31,151,960800,2,620,+40.401395,-097.250657
31,151,960900,1,1325,+40.500671,-096.963686
31,151,960900,2,1751,+40.444302,-096.953228
31,153,010103,1,1152,+41.170918,-095.913277
31,153,010103,2,1199,+41.160248,-095.904573
31,153,010103,3,807,+41.151584,-095.902093
31,153,010103,4,1196,+41.154137,-095.891826
31,153,010104,1,704,+41.184082,-095.927472
31,153,010104,2,1097,+41.170652,-095.921371
31,153,010105,1,941,+41.156885,-095.914188
31,153,010105,2,956,+41.161719,-095.917801
31,153,010105,3,1045,+41.153401,-095.922367
31,153,010106,1,761,+41.143143,-095.898135
31,153,010106,2,815,+41.139403,-095.903473
31,153,010106,3,1418,+41.146737,-095.910997
31,153,010106,4,536,+41.142607,-095.890250
31,153,010106,5,515,+41.139307,-095.893332
31,153,010107,1,1312,+41.186228,-095.944858
31,153,010107,2,964,+41.163615,-095.944396
31,153,010107,3,1096,+41.152065,-095.943122
31,153,010108,1,977,+41.179901,-095.934466
31,153,010108,2,1394,+41.165418,-095.931241
31,153,010108,3,1229,+41.150064,-095.930248
31,153,010203,1,630,+41.136604,-095.970754
31,153,010203,2,2669,+41.130879,-095.983718
31,153,010203,3,1469,+41.140030,-095.987585
31,153,010204,1,999,+41.131204,-095.964744
31,153,010204,2,874,+41.135887,-095.962508
31,153,010204,3,1608,+41.133769,-095.951427
31,153,010205,1,2096,+41.111096,-095.973183
31,153,010205,2,1576,+41.100920,-095.961472
31,153,010205,3,1764,+41.104021,-095.951651
31,153,010206,1,816,+41.117430,-095.954291
31,153,010206,2,984,+41.114657,-095.962863
31,153,010206,3,1194,+41.109957,-095.959641
31,153,010206,4,1088,+41.113417,-095.952993
31,153,010207,1,1651,+41.109009,-095.939668
31,153,010207,2,710,+41.112709,-095.943522
31,153,010208,1,2125,+41.092691,-095.932593
31,153,010208,2,796,+41.069490,-095.959279
31,153,010302,1,994,+41.133210,-095.915880
31,153,010305,1,1172,+41.123637,-095.952215
31,153,010305,2,214,+41.128529,-095.952745
31,153,010305,3,392,+41.121979,-095.946501
31,153,010306,1,287,+41.119874,-095.960753
31,153,010306,2,746,+41.124989,-095.962647
31,153,010306,3,845,+41.129518,-095.958678
31,153,010401,1,1250,+41.138109,-095.917421
31,153,010401,2,1442,+41.144467,-095.919917
31,153,010402,1,1092,+41.133177,-095.900120
31,153,010402,2,546,+41.132805,-095.892253
31,153,010402,3,1445,+41.123861,-095.896098
31,153,010402,4,1102,+41.127985,-095.901451
31,153,010501,1,1006,+41.186986,-095.953664
31,153,010501,2,1140,+41.187384,-095.962800
31,153,010501,3,1596,+41.169344,-095.961395
31,153,010501,4,758,+41.176653,-095.950234
31,153,010501,5,2224,+41.161694,-095.951613
31,153,010502,1,999,+41.184606,-095.982989
31,153,010502,2,1088,+41.188197,-095.972876
31,153,010502,3,1230,+41.180788,-095.973141
31,153,010502,4,970,+41.173040,-095.980189
31,153,010503,1,1108,+41.184563,-095.990046
31,153,010503,2,616,+41.179521,-095.992988
31,153,010503,3,568,+41.175633,-095.990093
31,153,010503,4,1112,+41.187307,-095.996107
31,153,010614,1,912,+41.188691,-096.028794
31,153,010614,2,659,+41.185098,-096.026617
31,153,010614,3,954,+41.183518,-096.031411
31,153,010614,4,706,+41.188236,-096.037532
31,153,010614,5,610,+41.182501,-096.038225
31,153,010614,6,1235,+41.178642,-096.029878
31,153,010615,1,701,+41.187175,-096.020900
31,153,010615,2,1372,+41.179244,-096.018542
31,153,010616,1,1215,+41.172434,-096.052179
31,153,010616,2,2433,+41.168993,-096.059137
31,153,010617,1,985,+41.166891,-096.032485
31,153,010617,2,671,+41.165780,-096.040313
31,153,010617,3,1004,+41.164246,-096.030633
31,153,010617,4,680,+41.159253,-096.036564
31,153,010617,5,1092,+41.173123,-096.034857
31,153,010617,6,980,+41.172055,-096.028794
31,153,010618,1,934,+41.157983,-096.017851
31,153,010618,2,1404,+41.165503,-096.007881
31,153,010618,3,3436,+41.155361,-096.001925
31,153,010619,1,798,+41.149030,-096.037993
31,153,010619,2,813,+41.144996,-096.037890
31,153,010619,3,789,+41.141793,-096.037756
31,153,010619,4,948,+41.140842,-096.027942
31,153,010619,5,984,+41.146551,-096.028903
31,153,010620,1,757,+41.141256,-096.017307
31,153,010620,2,2428,+41.130207,-096.035695
31,153,010621,1,830,+41.185161,-096.049682
31,153,010621,2,737,+41.188235,-096.046028
31,153,010621,3,847,+41.182495,-096.045322
31,153,010621,4,966,+41.178296,-096.049190
31,153,010621,5,2551,+41.183498,-096.056220
31,153,010622,1,1847,+41.183979,-096.068950
31,153,010622,2,990,+41.179273,-096.076156
31,153,010623,1,780,+41.149723,-096.046719
31,153,010623,2,997,+41.150895,-096.052953
31,153,010623,3,806,+41.151613,-096.059035
31,153,010623,4,1856,+41.147023,-096.060680
31,153,010624,1,2479,+41.136295,-096.054221
31,153,010624,2,2769,+41.128975,-096.061380
31,153,010625,1,944,+41.188978,-096.142671
31,153,010625,2,582,+41.185917,-096.144670
31,153,010625,3,560,+41.178083,-096.145072
31,153,010625,4,1316,+41.187810,-096.153071
31,153,010625,5,1654,+41.179539,-096.152892
31,153,010626,1,1908,+41.187514,-096.168499
31,153,010626,2,1429,+41.180003,-096.172350
31,153,010626,3,1754,+41.180174,-096.162843
31,153,010627,1,1228,+41.187204,-096.192354
31,153,010627,2,1556,+41.184515,-096.185322
31,153,010628,1,875,+41.167033,-096.185230
31,153,010628,2,1568,+41.151253,-096.188077
31,153,010628,3,1996,+41.166603,-096.169667
31,153,010629,1,745,+41.186074,-096.092854
31,153,010629,2,1058,+41.141986,-096.124231
31,153,010630,1,2459,+41.185458,-096.211319
31,153,010631,1,1721,+41.142368,-096.264598
31,153,010631,2,1026,+41.151226,-096.247741
31,153,010631,3,1070,+41.143289,-096.245344
31,153,010631,4,604,+41.137483,-096.246748
31,153,010632,1,2021,+41.147101,-096.228706
31,153,010632,2,591,+41.143404,-096.236464
31,153,010632,3,1286,+41.131862,-096.236771
31,153,010633,1,1498,+41.186905,-096.115054
31,153,010633,2,830,+41.173549,-096.136198
31,153,010633,3,714,+41.171598,-096.130810
31,153,010634,1,733,+41.187377,-096.134637
31,153,010634,2,1084,+41.188517,-096.125491
31,153,010634,3,1079,+41.185069,-096.126320
31,153,010701,1,1409,+41.108958,-096.248408
31,153,010701,2,879,+41.039875,-096.205414
31,153,010702,1,708,+41.083049,-096.132946
31,153,010702,2,957,+41.083101,-096.128131
31,153,010702,3,1127,+41.069603,-096.062829
31,153,010702,4,811,+41.108984,-096.084820
31,155,968100,1,1222,+41.386237,-096.504125
31,155,968100,2,1143,+41.324745,-096.547763
31,155,968100,3,845,+41.399265,-096.619535
31,155,968200,1,1318,+41.343956,-096.807706
31,155,968200,2,853,+41.223818,-096.684244
31,155,968200,3,1622,+41.126962,-096.811945
31,155,968200,4,1692,+41.071899,-096.661920
31,155,968300,1,1700,+41.211593,-096.615900
31,155,968300,2,1102,+41.220532,-096.628190
31,155,968300,3,1378,+41.209209,-096.628128
31,155,968300,4,711,+41.209850,-096.618174
31,155,968400,1,1380,+41.214449,-096.509854
31,155,968400,2,1287,+41.119780,-096.422382
31,155,968400,3,1554,+41.246695,-096.392792
31,155,968500,1,1282,+41.040550,-096.384434
31,155,968500,2,1691,+41.040821,-096.367480
31,157,952900,1,1311,+41.928118,-103.558108
31,157,952900,2,581,+41.835569,-103.460886
31,157,952900,3,889,+41.812050,-103.502594
31,157,953000,1,626,+41.967684,-103.790797
31,157,953000,2,894,+41.945966,-103.811621
31,157,953000,3,1102,+41.939205,-103.804907
31,157,953000,4,554,+41.921766,-103.718815
31,157,953100,1,738,+41.925221,-103.882517
31,157,953100,2,825,+41.966678,-103.927309
31,157,953100,3,755,+41.942573,-104.017120
31,157,953200,1,664,+41.766074,-103.505685
31,157,953200,2,860,+41.790751,-103.760696
31,157,953300,1,1349,+41.891980,-103.691672
31,157,953300,2,1202,+41.879678,-103.670339
31,157,953300,3,783,+41.869360,-103.675333
31,157,953400,1,814,+41.871061,-103.629697
31,157,953400,2,2199,+41.880051,-103.649577
31,157,953500,1,825,+41.870391,-103.659835
31,157,953500,2,901,+41.869685,-103.667782
31,157,953500,3,1270,+41.863285,-103.660813
31,157,953600,1,1050,+41.862287,-103.671556
31,157,953600,2,1087,+41.862468,-103.679646
31,157,953600,3,933,+41.859684,-103.683167
31,157,953700,1,1611,+41.857616,-103.644809
31,157,953700,2,900,+41.864776,-103.651488
31,157,953700,3,1145,+41.859072,-103.654184
31,157,953700,4,769,+41.861443,-103.646710
31,157,953800,1,944,+41.827408,-103.651777
31,157,953800,2,724,+41.823729,-103.658904
31,157,953800,3,1012,+41.817815,-103.666270
31,157,953800,4,2174,+41.813783,-103.657588
31,157,953900,1,987,+41.845260,-103.667436
31,157,953900,2,679,+41.845815,-103.682930
31,157,953900,3,1320,+41.835954,-103.672596
31,157,953900,4,987,+41.825972,-103.666414
31,157,953900,5,1506,+41.824427,-103.675861
31,159,960100,1,1619,+40.916389,-096.979835
31,159,960100,2,1178,+40.976356,-097.144089
31,159,960100,3,1581,+40.893593,-097.307737
31,159,960200,1,1302,+40.901206,-097.097538
31,159,960200,2,983,+40.915470,-097.107349
31,159,960300,1,1580,+40.921709,-097.085769
31,159,960300,2,1632,+40.920618,-097.095989
31,159,960300,3,1887,+40.910667,-097.088789
31,159,960400,1,1250,+40.765735,-096.988331
31,159,960400,2,1358,+40.764917,-097.252320
31,159,960400,3,1427,+40.771162,-097.055927
31,159,960400,4,953,+40.775766,-097.055056
31,161,951600,1,1193,+42.808757,-102.210907
31,161,951600,2,1022,+42.810627,-102.203542
31,161,951700,1,1074,+42.712447,-102.571101
31,161,951700,2,608,+42.265074,-102.397414
31,161,951700,3,950,+42.714736,-102.460825
31,161,951700,4,622,+42.684661,-102.688754
31,163,970100,1,1143,+41.156798,-099.072534
31,163,970100,2,1123,+41.250081,-098.873844
31,163,970100,3,886,+41.276335,-098.965282
31,165,950100,1,705,+42.657481,-103.792242
31,165,950100,2,606,+42.056435,-103.862924
31,167,962100,1,887,+41.977305,-097.081512
31,167,962100,2,706,+41.829085,-097.213784
31,167,962200,1,1471,+42.039687,-097.310036
31,167,962200,2,865,+41.948662,-097.221268
31,167,962200,3,819,+41.951829,-097.228856
31,167,962200,4,1381,+42.056729,-097.350822
31,169,963100,1,819,+40.251345,-097.739726
31,169,963100,2,887,+40.300761,-097.537230
31,169,963100,3,1065,+40.115097,-097.730621
31,169,963200,1,1583,+40.168027,-097.587266
31,169,963200,2,874,+40.086750,-097.548251
31,171,957100,1,647,+41.966823,-100.546734
31,173,940100,1,707,+42.096300,-096.588190
31,173,940100,2,996,+42.151292,-096.491772
31,173,940100,3,1047,+42.110419,-096.711505
31,173,940100,4,1650,+42.117290,-096.364945
31,173,940200,1,1855,+42.231584,-096.461883
31,173,940200,2,685,+42.217229,-096.685066
31,175,971300,1,934,+41.546019,-098.837638
31,175,971300,2,961,+41.528613,-099.089854
31,175,971400,1,877,+41.608253,-098.938996
31,175,971400,2,768,+41.599242,-098.935949
31,175,971400,3,720,+41.598503,-098.924076
31,177,050101,1,667,+41.548725,-096.146078
31,177,050101,2,1468,+41.539418,-096.149839
31,177,050101,3,1357,+41.553028,-096.157387
31,177,050102,1,1693,+41.554430,-096.137097
31,177,050102,2,930,+41.548795,-096.134482
31,177,050102,3,873,+41.547253,-096.118588
31,177,050102,4,602,+41.541603,-096.135737
31,177,050102,5,1079,+41.526899,-096.137445
31,177,050201,1,842,+41.523050,-096.195767
31,177,050201,2,1553,+41.478706,-096.128057
31,177,050201,3,1570,+41.437219,-096.112968
31,177,050202,1,1392,+41.464563,-096.050456
31,177,050202,2,766,+41.408029,-096.026868
31,177,050202,3,1007,+41.440696,-096.003717
31,177,050300,1,831,+41.573600,-096.380912
31,177,050300,2,1004,+41.622338,-096.246085
31,177,050300,3,1449,+41.458170,-096.360525
31,177,050300,4,1151,+41.426923,-096.225978
31,179,978600,1,860,+42.283119,-097.215945
31,179,978600,2,753,+42.191085,-097.180316
31,179,978600,3,868,+42.116293,-097.285333
31,179,978600,4,1202,+42.198660,-096.947531
31,179,978700,1,862,+42.242179,-097.005897
31,179,978700,2,1053,+42.241546,-097.022761
31,179,978700,3,767,+42.229946,-097.028093
31,179,978700,4,694,+42.232522,-097.021541
31,179,978700,5,817,+42.231495,-097.009898
31,179,978700,6,1719,+42.239874,-097.014602
31,181,965000,1,921,+40.272759,-098.500273
31,181,965000,2,1053,+40.332180,-098.449397
31,181,965100,1,963,+40.085018,-098.475553
31,181,965100,2,875,+40.092053,-098.522894
31,183,973600,1,818,+41.880574,-098.543873
31,185,969600,1,1478,+40.956784,-097.479338
31,185,969600,2,1233,+40.917726,-097.706332
31,185,969700,1,1142,+40.874060,-097.572692
31,185,969700,2,926,+40.883371,-097.591571
31,185,969700,3,745,+40.874939,-097.589599
31,185,969700,4,1071,+40.870759,-097.583279
31,185,969800,1,1058,+40.868172,-097.591182
31,185,969800,2,1840,+40.862043,-097.607820
31,185,969800,3,1736,+40.860999,-097.580445
31,185,969900,1,1351,+40.754018,-097.589828
31,185,969900,2,1085,+40.780956,-097.810424
