STATEFP,COUNTYFP,TRACTCE,BLKGRPCE,POPULATION,LATITUDE,LONGITUDE
49,001,100100,1,699,+38.297937,-112.621330
49,001,100100,2,1691,+38.281940,-112.631695
49,001,100100,3,1428,+38.278285,-112.644079
49,001,100200,1,668,+38.315273,-112.937523
49,001,100200,2,854,+38.213730,-112.925478
49,001,100200,3,1289,+38.396599,-113.014687
49,003,960100,1,938,+41.723548,-112.350008
49,003,960100,2,1527,+41.845560,-112.181463
49,003,960100,3,687,+41.839107,-113.167349
49,003,960200,1,1508,+41.806451,-112.122148
49,003,960200,2,963,+41.755276,-112.134386
49,003,960200,3,1788,+41.733181,-112.160840
49,003,960200,4,1270,+41.668075,-112.076948
49,003,960200,5,696,+41.641223,-112.081153
49,003,960200,6,676,+41.743770,-112.161400
49,003,960300,1,1328,+41.699326,-112.136969
49,003,960300,2,1375,+41.700938,-112.174705
49,003,960300,3,814,+41.713898,-112.165864
49,003,960300,4,1454,+41.706330,-112.171390
49,003,960300,5,2199,+41.717936,-112.184520
49,003,960300,6,1016,+41.721489,-112.162877
49,003,960400,1,1692,+41.669521,-112.246220
49,003,960400,2,1799,+41.631969,-112.131750
49,003,960400,3,1381,+41.552138,-112.125736
49,003,960500,1,1557,+41.534860,-112.024733
49,003,960500,2,1130,+41.516967,-112.030374
49,003,960500,3,1237,+41.518302,-112.018569
49,003,960500,4,1099,+41.509398,-112.020877
49,003,960601,1,1001,+41.521534,-112.011489
49,003,960601,2,1108,+41.518506,-112.002830
49,003,960601,3,711,+41.515785,-112.011213
49,003,960601,4,900,+41.509072,-112.011087
49,003,960602,1,930,+41.525294,-111.998963
49,003,960602,2,904,+41.511545,-111.998947
49,003,960602,3,595,+41.526439,-112.011084
49,003,960701,1,1040,+41.503205,-112.021897
49,003,960701,2,1977,+41.495681,-112.026600
49,003,960701,3,1748,+41.490363,-112.021479
49,003,960702,1,1284,+41.496105,-112.008646
49,003,960702,2,997,+41.501915,-112.010467
49,003,960801,1,682,+41.497635,-111.941464
49,003,960801,2,1564,+41.393623,-112.031363
49,003,960801,3,1960,+41.391378,-112.039783
49,003,960802,1,1643,+41.474990,-112.022274
49,003,960802,2,1269,+41.465601,-112.035572
49,003,960802,3,1528,+41.457376,-112.038609
49,005,000101,1,1625,+41.914824,-111.806692
49,005,000101,2,1509,+41.968942,-111.858809
49,005,000101,3,1465,+41.939308,-111.801516
49,005,000102,1,812,+41.962434,-111.934429
49,005,000102,2,751,+41.920235,-112.050942
49,005,000201,1,1892,+41.844929,-111.840675
49,005,000201,2,1336,+41.831065,-111.844203
49,005,000202,1,1154,+41.832351,-111.826400
49,005,000202,2,2324,+41.825788,-111.817857
49,005,000202,3,1716,+41.845788,-111.826166
49,005,000202,4,1759,+41.838158,-111.812392
49,005,000300,1,1092,+41.865995,-111.911815
49,005,000300,2,1106,+41.851314,-111.991091
49,005,000300,3,2086,+41.729700,-111.890703
49,005,000300,4,3208,+41.707016,-111.867167
49,005,000401,1,1990,+41.766191,-111.826179
49,005,000401,2,1348,+41.769033,-111.811864
49,005,000402,1,1755,+41.788498,-111.791573
49,005,000402,2,1363,+41.765253,-111.799300
49,005,000403,1,1785,+41.783342,-111.813977
49,005,000403,2,1364,+41.785956,-111.829075
49,005,000403,3,1227,+41.801799,-111.821148
49,005,000403,4,1378,+41.801892,-111.810220
49,005,000501,1,1168,+41.745497,-111.839289
49,005,000501,2,1337,+41.738852,-111.839152
49,005,000501,3,1482,+41.739982,-111.845925
49,005,000501,4,1141,+41.747242,-111.844849
49,005,000502,1,3140,+41.761332,-111.843991
49,005,000502,2,2091,+41.752288,-111.841107
49,005,000600,1,877,+41.755209,-111.816841
49,005,000600,2,1376,+41.754361,-111.826826
49,005,000600,3,554,+41.747148,-111.827294
49,005,000600,4,1163,+41.751266,-111.818097
49,005,000600,5,1229,+41.746367,-111.818928
49,005,000600,6,1869,+41.748525,-111.816184
49,005,000701,1,1658,+41.757187,-111.789946
49,005,000701,2,2273,+41.751197,-111.799577
49,005,000701,3,589,+41.738972,-111.806981
49,005,000702,1,206,+41.753548,-111.809295
49,005,000702,2,1419,+41.744884,-111.810051
49,005,000702,3,1095,+41.751336,-111.806649
49,005,000800,1,1583,+41.741127,-111.819054
49,005,000800,2,1105,+41.741402,-111.825817
49,005,000800,3,895,+41.737564,-111.831804
49,005,000800,4,1212,+41.736611,-111.826492
49,005,000900,1,1639,+41.734202,-111.818416
49,005,000900,2,888,+41.728656,-111.823194
49,005,000900,3,847,+41.726529,-111.831090
49,005,001001,1,1616,+41.718682,-111.854340
49,005,001001,2,1410,+41.725858,-111.854648
49,005,001002,1,647,+41.732658,-111.839841
49,005,001002,2,807,+41.725807,-111.843436
49,005,001002,3,2117,+41.718820,-111.841373
49,005,001002,4,989,+41.731617,-111.846154
49,005,001101,1,2399,+41.714404,-111.821309
49,005,001101,2,1145,+41.705601,-111.801965
49,005,001101,3,2052,+41.705972,-111.832398
49,005,001102,1,1469,+41.734275,-111.801898
49,005,001102,2,1219,+41.723457,-111.819684
49,005,001102,3,1542,+41.727069,-111.801896
49,005,001201,1,2102,+41.693196,-111.822693
49,005,001201,2,1625,+41.696325,-111.809914
49,005,001201,3,1228,+41.672165,-111.817238
49,005,001202,1,1694,+41.667295,-111.842107
49,005,001202,2,3693,+41.682590,-111.853965
49,005,001300,1,2040,+41.710895,-111.979756
49,005,001300,2,2220,+41.635714,-111.926286
49,005,001300,3,1857,+41.634081,-111.941620
49,005,001401,1,1447,+41.630997,-111.822478
49,005,001401,2,1771,+41.627457,-111.840076
49,005,001401,3,878,+41.640504,-111.835981
49,005,001402,1,1192,+41.641371,-111.874069
49,005,001402,2,1528,+41.632255,-111.866628
49,005,001402,3,945,+41.631499,-111.853825
49,005,001500,1,990,+41.579028,-111.837944
49,005,001500,2,1048,+41.565603,-111.831032
49,005,980100,1,105,+41.680255,-111.763455
49,007,000100,1,1407,+39.610261,-110.787969
49,007,000100,2,2402,+39.553338,-110.734320
49,007,000200,1,1653,+39.599588,-110.817242
49,007,000200,2,1398,+39.616132,-110.804135
49,007,000200,3,1418,+39.625774,-110.840608
49,007,000300,1,1098,+39.608666,-110.801335
49,007,000300,2,1274,+39.592475,-110.804870
49,007,000300,3,976,+39.594878,-110.792339
49,007,000300,4,1113,+39.603753,-110.805018
49,007,000500,1,1930,+39.595520,-110.850400
49,007,000500,2,2318,+39.686369,-110.860434
49,007,000600,1,1683,+39.545954,-110.408682
49,007,000600,2,1146,+39.667259,-110.842016
49,007,000600,3,1587,+39.535290,-110.777000
49,009,960100,1,1059,+40.967854,-109.646088
49,011,125102,1,1647,+41.077229,-111.906837
49,011,125102,2,2496,+41.026956,-111.904321
49,011,125103,1,2506,+41.134008,-111.944544
49,011,125103,2,1787,+41.107109,-111.945187
49,011,125104,1,2204,+41.125370,-111.922553
49,011,125104,2,1641,+41.120263,-111.914258
49,011,125104,3,1943,+41.109946,-111.918525
49,011,125200,1,1208,+41.106941,-111.999419
49,011,125200,2,2111,+41.112152,-111.998108
49,011,125301,1,1187,+41.149977,-112.031416
49,011,125301,2,1468,+41.143774,-112.031032
49,011,125301,3,1237,+41.136093,-112.031181
49,011,125301,4,1216,+41.128578,-112.031523
49,011,125303,1,2883,+41.135703,-112.096863
49,011,125303,2,4153,+41.145444,-112.073946
49,011,125303,3,3621,+41.135079,-112.074133
49,011,125304,1,1508,+41.143544,-112.040524
49,011,125304,2,2454,+41.145457,-112.051572
49,011,125304,3,939,+41.149941,-112.041417
49,011,125305,1,2794,+41.133820,-112.051610
49,011,125305,2,1620,+41.136468,-112.040091
49,011,125305,3,1738,+41.128455,-112.039337
49,011,125401,1,3302,+41.101658,-112.074439
49,011,125401,2,5200,+41.104683,-112.104219
49,011,125401,3,2807,+41.121830,-112.080071
49,011,125403,1,4173,+41.084354,-112.060696
49,011,125403,2,3784,+41.074926,-112.056571
49,011,125403,3,3482,+41.078088,-112.078247
49,011,125405,1,4969,+41.081180,-112.013978
49,011,125405,2,4443,+41.077517,-112.020979
49,011,125406,1,2838,+41.081255,-112.030948
49,011,125406,2,4653,+41.072859,-112.038518
49,011,125501,1,2811,+41.121378,-112.053853
49,011,125501,2,1468,+41.114614,-112.058943
49,011,125501,3,1480,+41.113954,-112.050283
49,011,125502,1,1743,+41.120062,-112.029451
49,011,125502,2,1975,+41.114232,-112.035364
49,011,125502,3,1693,+41.121687,-112.038066
49,011,125503,1,2546,+41.092817,-112.054629
49,011,125503,2,2149,+41.099599,-112.055607
49,011,125600,1,1217,+41.092043,-112.025489
49,011,125701,1,2216,+41.098227,-112.013505
49,011,125701,2,1441,+41.097445,-112.004385
49,011,125702,1,889,+41.106205,-112.012126
49,011,125702,2,1576,+41.117100,-112.020663
49,011,125702,3,1374,+41.110176,-112.015858
49,011,125801,1,2547,+41.084044,-111.990549
49,011,125801,2,850,+41.081858,-111.998566
49,011,125801,3,1475,+41.083595,-112.003795
49,011,125801,4,1831,+41.077009,-111.988876
49,011,125804,1,2300,+41.099784,-111.931189
49,011,125804,2,847,+41.095489,-111.917486
49,011,125804,3,2065,+41.092682,-111.927408
49,011,125804,4,1165,+41.096263,-111.944607
49,011,125805,1,1113,+41.083539,-111.975982
49,011,125805,2,2596,+41.078311,-111.966770
49,011,125805,3,2458,+41.085128,-111.967303
49,011,125807,1,2122,+41.092101,-111.968277
49,011,125807,2,992,+41.100210,-111.968356
49,011,125808,1,2237,+41.098327,-111.979357
49,011,125808,2,2448,+41.096430,-111.991763
49,011,125808,3,931,+41.100852,-111.992040
49,011,125905,1,1367,+41.073250,-111.936700
49,011,125905,2,1191,+41.070480,-111.954009
49,011,125905,3,1739,+41.063545,-111.951181
49,011,125905,4,1859,+41.067606,-111.939974
49,011,125906,1,3027,+41.051623,-111.948693
49,011,125906,2,2578,+41.061538,-111.925912
49,011,125906,3,1382,+41.056162,-111.953679
49,011,125907,1,2034,+41.084246,-111.939226
49,011,125908,1,2194,+41.086081,-111.919302
49,011,125908,2,1330,+41.076875,-111.943878
49,011,125908,3,1246,+41.078936,-111.933756
49,011,126001,1,1238,+41.064850,-111.972902
49,011,126001,2,1579,+41.071532,-111.967180
49,011,126001,3,713,+41.061776,-111.961435
49,011,126001,4,1371,+41.051510,-111.965304
49,011,126002,1,3121,+41.052746,-111.990872
49,011,126002,2,1937,+41.059610,-111.977303
49,011,126101,1,2123,+41.044793,-111.944066
49,011,126101,2,1600,+41.046858,-111.931601
49,011,126101,3,1342,+41.041023,-111.923258
49,011,126101,4,1302,+41.053277,-111.916551
49,011,126104,1,3213,+41.036363,-111.968033
49,011,126104,2,4020,+41.021060,-111.948523
49,011,126104,3,3525,+41.031284,-111.979334
49,011,126105,1,2277,+41.009625,-111.928634
49,011,126105,2,1647,+41.015001,-111.924293
49,011,126105,3,1429,+41.024428,-111.934531
49,011,126105,4,1481,+41.017919,-111.936003
49,011,126202,1,7097,+40.986192,-111.919018
49,011,126202,2,1483,+41.005532,-111.917826
49,011,126203,1,2385,+41.000446,-111.893833
49,011,126203,2,1638,+41.009423,-111.903948
49,011,126204,1,1753,+40.974253,-111.880285
49,011,126204,2,928,+40.985449,-111.885722
49,011,126204,3,1719,+40.972752,-111.887141
49,011,126303,1,2798,+40.953856,-111.882882
49,011,126303,2,1610,+40.933647,-111.874939
49,011,126304,1,1948,+40.913441,-111.900016
49,011,126304,2,2334,+40.935343,-111.885091
49,011,126304,3,1680,+40.944825,-111.886275
49,011,126305,1,2153,+40.916161,-111.868957
49,011,126306,1,2508,+40.925718,-111.881908
49,011,126306,2,2079,+40.917207,-111.879345
49,011,126306,3,2296,+40.909506,-111.881817
49,011,126402,1,1391,+40.888867,-111.850605
49,011,126402,2,1990,+40.865654,-111.845865
49,011,126404,1,4678,+40.835535,-111.888986
49,011,126404,2,1335,+40.839131,-111.910102
49,011,126405,1,1605,+40.851262,-111.876622
49,011,126405,2,2387,+40.844063,-111.887776
49,011,126406,1,2050,+40.849501,-111.893554
49,011,126406,2,2261,+40.848421,-111.902237
49,011,126500,1,1042,+40.897489,-111.857721
49,011,126500,2,1114,+40.903025,-111.867325
49,011,126500,3,868,+40.897473,-111.867645
49,011,126500,4,1432,+40.889541,-111.868603
49,011,126500,5,1672,+40.888292,-111.859365
49,011,126600,1,1932,+40.903465,-111.884862
49,011,126600,2,1773,+40.899069,-111.875670
49,011,126600,3,1351,+40.896913,-111.885686
49,011,126700,1,1448,+40.891484,-111.887527
49,011,126700,2,823,+40.887191,-111.887230
49,011,126700,3,915,+40.891245,-111.876382
49,011,126700,4,714,+40.886699,-111.875719
49,011,126801,1,1070,+40.878012,-111.856051
49,011,126801,2,875,+40.881422,-111.865703
49,011,126801,3,1268,+40.873799,-111.864532
49,011,126802,1,1644,+40.868138,-111.857131
49,011,126802,2,1217,+40.868472,-111.867482
49,011,126802,3,2031,+40.860352,-111.865365
49,011,126901,1,1152,+40.881088,-111.877106
49,011,126901,2,782,+40.876259,-111.878269
49,011,126901,3,1045,+40.872848,-111.879831
49,011,126901,4,810,+40.879826,-111.884051
49,011,126901,5,1225,+40.876907,-111.889761
49,011,126901,6,810,+40.876316,-111.894757
49,011,126902,1,1397,+40.864941,-111.875606
49,011,126902,2,1171,+40.867313,-111.882093
49,011,126902,3,2425,+40.862099,-111.891947
49,011,126902,4,1325,+40.857978,-111.882465
49,011,127002,1,5534,+40.852613,-111.928760
49,011,127002,2,1204,+40.847288,-111.910231
49,011,127003,1,2502,+40.900827,-111.900634
49,011,127003,2,2657,+40.874171,-111.927552
49,011,127004,1,3829,+40.871221,-111.919569
49,011,127004,2,2257,+40.874223,-111.905894
49,011,127004,3,797,+40.879753,-111.899324
49,011,127004,4,873,+40.869522,-111.900726
49,011,127100,1,1637,+41.034273,-111.929885
49,011,127100,2,1564,+41.031851,-111.941887
49,011,127100,3,890,+41.020278,-111.914185
49,011,127100,4,1260,+41.028194,-111.920061
49,011,127100,5,1606,+41.036722,-111.915883
49,013,940300,1,1635,+40.268638,-110.689427
49,013,940300,2,1047,+40.165864,-110.402101
49,013,940300,3,1165,+40.179674,-110.376660
49,013,940500,1,2313,+40.302583,-110.017164
49,013,940500,2,1518,+40.294680,-109.986550
49,013,940500,3,1493,+40.306076,-109.984774
49,013,940500,4,2308,+40.301666,-110.004150
49,013,940600,1,1084,+40.177964,-110.079063
49,013,940600,2,2130,+40.259143,-110.134419
49,013,940600,3,1933,+40.409076,-110.047381
49,013,940600,4,1036,+40.373856,-110.366372
49,013,940600,5,945,+40.359234,-110.253980
49,015,976200,1,1076,+39.396473,-110.867067
49,015,976200,2,721,+39.348562,-110.860446
49,015,976200,3,1180,+39.323899,-110.956695
49,015,976200,4,1208,+39.329251,-110.970767
49,015,976300,1,1630,+39.218343,-111.020552
49,015,976300,2,1699,+39.231980,-111.047989
49,015,976500,1,1170,+39.051691,-111.151676
49,015,976500,2,1160,+39.090798,-111.140610
49,015,976500,3,1132,+38.997958,-110.164523
49,017,000300,1,966,+37.822518,-112.434867
49,017,000300,2,1411,+37.789838,-112.433567
49,017,000400,1,1356,+37.792886,-111.498415
49,017,000400,2,1439,+37.664436,-112.075303
49,019,000200,1,933,+38.572677,-109.539804
49,019,000200,2,1259,+38.579218,-109.557256
49,019,000200,3,1219,+38.579652,-109.564289
49,019,000200,4,981,+38.568405,-109.542444
49,019,000300,1,1633,+38.559155,-109.541626
49,019,000300,2,1283,+38.566512,-109.531004
49,019,000300,3,1917,+38.564585,-109.469655
49,021,110100,1,659,+37.895914,-112.783887
49,021,110100,2,1514,+37.838799,-112.847547
49,021,110100,3,1517,+37.846348,-112.828116
49,021,110100,4,261,+37.770356,-112.881088
49,021,110200,1,1319,+37.772115,-113.096918
49,021,110200,2,1387,+37.751636,-113.064141
49,021,110200,3,2446,+37.767106,-113.026490
49,021,110200,4,2235,+37.758709,-113.042993
49,021,110300,1,2049,+37.726608,-113.181892
49,021,110300,2,1459,+37.697656,-113.530661
49,021,110400,1,1000,+37.677857,-113.074342
49,021,110400,2,1409,+37.672340,-113.070789
49,021,110400,3,740,+37.668171,-113.071047
49,021,110400,4,1508,+37.663456,-113.076783
49,021,110500,1,2381,+37.715970,-113.052133
49,021,110500,2,2288,+37.699931,-113.052954
49,021,110500,3,3646,+37.701799,-113.069044
49,021,110500,4,1383,+37.684234,-113.072950
49,021,110600,1,919,+37.675188,-113.064669
49,021,110600,2,1081,+37.674961,-113.057313
49,021,110600,3,3237,+37.653798,-113.070157
49,021,110600,4,792,+37.668217,-113.062425
49,021,110701,1,1792,+37.716612,-113.080526
49,021,110701,2,3775,+37.674280,-113.092266
49,021,110701,3,971,+37.677032,-113.082490
49,021,110702,1,1176,+37.588621,-113.191805
49,021,110702,2,3219,+37.666589,-113.127405
49,023,010100,1,1918,+39.701109,-111.831871
49,023,010100,2,1266,+39.722505,-111.835782
49,023,010100,3,1351,+39.711126,-111.829979
49,023,010100,4,1030,+39.717559,-111.831291
49,023,010200,1,880,+39.926069,-112.486154
49,023,010200,2,2748,+39.846546,-111.844744
49,023,010200,3,1053,+39.558199,-111.863273
49,025,130100,1,712,+37.421751,-112.171761
49,025,130100,2,623,+37.082744,-111.686037
49,025,130100,3,962,+37.287168,-112.626708
49,025,130200,1,1649,+37.034252,-112.519532
49,025,130200,2,719,+37.050386,-112.530911
49,025,130200,3,1086,+37.021408,-112.542918
49,025,130200,4,1374,+37.053983,-112.492646
49,027,974100,1,1315,+39.421050,-112.350535
49,027,974100,2,960,+39.348620,-112.566211
49,027,974100,3,1473,+39.357275,-112.573017
49,027,974100,4,1079,+39.347099,-112.582515
49,027,974200,1,1107,+39.333792,-112.655199
49,027,974200,2,950,+39.295593,-112.616558
49,027,974200,3,980,+39.369727,-112.864683
49,027,974300,1,811,+39.166911,-112.209707
49,027,974300,2,1348,+38.870435,-112.429463
49,027,974300,3,1437,+38.965709,-112.320635
49,027,974300,4,1043,+38.971197,-112.331283
49,029,970100,1,2762,+41.109094,-111.721749
49,029,970100,2,2479,+41.031225,-111.673722
49,029,970100,3,1525,+41.041849,-111.692793
49,029,970100,4,1276,+41.151182,-111.812230
49,029,970200,1,1427,+41.040471,-111.731207
49,031,960100,1,739,+38.187712,-112.259210
49,031,960100,2,817,+38.379617,-112.161865
49,033,950100,1,1226,+41.900919,-111.371191
49,033,950100,2,1038,+41.608585,-111.170036
49,035,100100,1,619,+40.787133,-111.904700
49,035,100100,2,910,+40.776800,-111.906557
49,035,100200,1,1289,+40.788260,-111.887701
49,035,100306,1,1444,+40.777503,-111.941205
49,035,100306,2,1723,+40.775251,-111.945380
49,035,100306,3,1895,+40.782637,-111.943219
49,035,100307,1,1968,+40.789048,-111.945479
49,035,100307,2,1779,+40.801857,-111.944258
49,035,100307,3,1476,+40.797665,-111.945004
49,035,100308,1,2175,+40.786836,-111.938726
49,035,100308,2,2047,+40.797714,-111.940628
49,035,100500,1,1101,+40.788649,-111.920842
49,035,100500,2,1305,+40.784217,-111.919416
49,035,100500,3,1232,+40.786517,-111.927508
49,035,100500,4,1130,+40.787710,-111.932433
49,035,100500,5,1611,+40.786882,-111.915252
49,035,100600,1,1654,+40.778947,-111.914440
49,035,100600,2,1282,+40.778773,-111.921661
49,035,100600,3,1685,+40.779355,-111.930226
49,035,100600,4,1173,+40.773867,-111.934687
49,035,100600,5,762,+40.773838,-111.915606
49,035,100700,1,877,+40.784253,-111.897078
49,035,100700,2,954,+40.778772,-111.893152
49,035,100700,3,873,+40.778763,-111.897800
49,035,100800,1,837,+40.773725,-111.888862
49,035,100800,2,714,+40.774910,-111.892534
49,035,100800,3,940,+40.772979,-111.895936
49,035,101000,1,1146,+40.779702,-111.868755
49,035,101000,2,1813,+40.779721,-111.876578
49,035,101101,1,1006,+40.774474,-111.875372
49,035,101101,2,963,+40.771127,-111.875191
49,035,101102,1,1333,+40.770326,-111.885869
49,035,101102,2,1131,+40.774757,-111.882469
49,035,101102,3,958,+40.771750,-111.882970
49,035,101200,1,865,+40.772439,-111.855364
49,035,101200,2,927,+40.771624,-111.861102
49,035,101200,3,1088,+40.774626,-111.867778
49,035,101200,4,997,+40.771079,-111.867344
49,035,101400,1,968,+40.755272,-111.829625
49,035,101400,2,1647,+40.752378,-111.835360
49,035,101400,3,2201,+40.765652,-111.831050
49,035,101500,1,666,+40.766981,-111.855078
49,035,101500,2,836,+40.766751,-111.859254
49,035,101500,3,969,+40.762761,-111.859647
49,035,101500,4,743,+40.762674,-111.854366
49,035,101600,1,904,+40.758456,-111.854367
49,035,101600,2,1321,+40.758631,-111.859741
49,035,101600,3,1403,+40.753460,-111.857430
49,035,101700,1,1774,+40.767093,-111.866662
49,035,101700,2,1105,+40.763892,-111.867249
49,035,101700,3,655,+40.761900,-111.866648
49,035,101800,1,1336,+40.757760,-111.866070
49,035,101800,2,1007,+40.753541,-111.868727
49,035,101800,3,743,+40.753319,-111.864549
49,035,101900,1,1489,+40.767144,-111.875592
49,035,101900,2,1008,+40.762624,-111.875929
49,035,102000,1,1152,+40.756016,-111.875742
49,035,102000,2,695,+40.752069,-111.873052
49,035,102000,3,773,+40.751733,-111.877415
49,035,102100,1,1457,+40.764392,-111.882255
49,035,102300,1,1404,+40.752679,-111.881403
49,035,102300,2,1356,+40.755660,-111.883566
49,035,102500,1,3460,+40.765187,-111.902862
49,035,102600,1,901,+40.767301,-111.917632
49,035,102600,2,1324,+40.761632,-111.919595
49,035,102600,3,2195,+40.754411,-111.917537
49,035,102701,1,1358,+40.754262,-111.932021
49,035,102701,2,1707,+40.754560,-111.936927
49,035,102701,3,2034,+40.753951,-111.926475
49,035,102702,1,1279,+40.763833,-111.933752
49,035,102702,2,2556,+40.760418,-111.931683
49,035,102801,1,1336,+40.744514,-111.914934
49,035,102801,2,2231,+40.744580,-111.924411
49,035,102801,3,2539,+40.744427,-111.933443
49,035,102802,1,1262,+40.736008,-111.919645
49,035,102802,2,1679,+40.737217,-111.927276
49,035,102802,3,2122,+40.735266,-111.935230
49,035,102900,1,1662,+40.746453,-111.893786
49,035,102900,2,1436,+40.736846,-111.894001
49,035,102900,3,1402,+40.729920,-111.893193
49,035,103000,1,1513,+40.745605,-111.879643
49,035,103000,2,1441,+40.745239,-111.885062
49,035,103100,1,1224,+40.737692,-111.873943
49,035,103100,2,1712,+40.737527,-111.879818
49,035,103100,3,1227,+40.738575,-111.885283
49,035,103200,1,1295,+40.729792,-111.874062
49,035,103200,2,1552,+40.729698,-111.879591
49,035,103200,3,1689,+40.729454,-111.885279
49,035,103300,1,1783,+40.729168,-111.856813
49,035,103300,2,1326,+40.729629,-111.862455
49,035,103300,3,1158,+40.729972,-111.868164
49,035,103400,1,1353,+40.737653,-111.856704
49,035,103400,2,1435,+40.737428,-111.862609
49,035,103400,3,1292,+40.737274,-111.868086
49,035,103500,1,1157,+40.745568,-111.856652
49,035,103500,2,1393,+40.745644,-111.862497
49,035,103500,3,1495,+40.745531,-111.868194
49,035,103600,1,1303,+40.745789,-111.844801
49,035,103600,2,1367,+40.746087,-111.850609
49,035,103700,1,1204,+40.737797,-111.845331
49,035,103700,2,1377,+40.737696,-111.850850
49,035,103800,1,1265,+40.729555,-111.845146
49,035,103800,2,1117,+40.729621,-111.851101
49,035,103900,1,1213,+40.729530,-111.827852
49,035,103900,2,1234,+40.729397,-111.833722
49,035,103900,3,1339,+40.729488,-111.839313
49,035,104000,1,1242,+40.736611,-111.827176
49,035,104000,2,1102,+40.737355,-111.833596
49,035,104000,3,923,+40.737663,-111.839240
49,035,104100,1,1496,+40.745794,-111.832944
49,035,104100,2,1472,+40.746081,-111.839335
49,035,104200,1,1946,+40.727802,-111.811103
49,035,104200,2,742,+40.744561,-111.809539
49,035,104200,3,739,+40.747377,-111.823084
49,035,104200,4,1298,+40.737942,-111.819188
49,035,104200,5,676,+40.739464,-111.810139
49,035,104200,6,966,+40.746460,-111.805641
49,035,104300,1,1271,+40.728967,-111.821042
49,035,104300,2,1550,+40.722976,-111.816190
49,035,104400,1,1169,+40.719265,-111.820515
49,035,104400,2,841,+40.721938,-111.827865
49,035,104700,1,1395,+40.714565,-111.836181
49,035,104700,2,1921,+40.715736,-111.847738
49,035,104700,3,1458,+40.716069,-111.858173
49,035,104800,1,891,+40.709911,-111.838523
49,035,104800,2,1715,+40.709533,-111.848798
49,035,104800,3,990,+40.709508,-111.857144
49,035,104800,4,1426,+40.709098,-111.863892
49,035,104900,1,907,+40.721804,-111.874173
49,035,104900,2,1450,+40.715061,-111.868317
49,035,104900,3,790,+40.715154,-111.873853
49,035,110102,1,1227,+40.576330,-111.743170
49,035,110102,2,1587,+40.591665,-111.792920
49,035,110102,3,1613,+40.617663,-111.758631
49,035,110103,1,1586,+40.777729,-111.745820
49,035,110103,2,1054,+40.700620,-111.787887
49,035,110103,3,980,+40.693927,-111.792424
49,035,110104,1,1946,+40.666405,-111.795295
49,035,110104,2,1137,+40.677658,-111.784983
49,035,110104,3,1072,+40.682690,-111.793651
49,035,110104,4,1133,+40.675221,-111.793864
49,035,110200,1,1127,+40.706088,-111.808087
49,035,110200,2,898,+40.704369,-111.801612
49,035,110200,3,752,+40.703898,-111.812486
49,035,110200,4,1260,+40.708126,-111.819965
49,035,110200,5,1040,+40.702563,-111.818982
49,035,110300,1,737,+40.709439,-111.827015
49,035,110300,2,877,+40.702494,-111.828734
49,035,110300,3,1003,+40.707778,-111.831813
49,035,110300,4,757,+40.703689,-111.836529
49,035,110300,5,1001,+40.703965,-111.841237
49,035,110300,6,1102,+40.703546,-111.847607
49,035,110401,1,1237,+40.694126,-111.843562
49,035,110401,2,691,+40.696208,-111.851592
49,035,110401,3,1548,+40.690065,-111.849923
49,035,110402,1,1304,+40.693750,-111.836409
49,035,110402,2,1293,+40.696727,-111.828819
49,035,110402,3,1056,+40.690063,-111.829360
49,035,110500,1,1965,+40.697205,-111.804601
49,035,110500,2,2038,+40.690213,-111.807583
49,035,110500,3,853,+40.697110,-111.819913
49,035,110500,4,1308,+40.690743,-111.819377
49,035,110600,1,1169,+40.681867,-111.801629
49,035,110600,2,1274,+40.684367,-111.809562
49,035,110600,3,1212,+40.678209,-111.810449
49,035,110600,4,756,+40.684427,-111.818418
49,035,110600,5,965,+40.678560,-111.819806
49,035,110701,1,1472,+40.679615,-111.845710
49,035,110701,2,2156,+40.679742,-111.851526
49,035,110702,1,1066,+40.684497,-111.829242
49,035,110702,2,1398,+40.677685,-111.829739
49,035,110702,3,1208,+40.683723,-111.839458
49,035,110702,4,1224,+40.677936,-111.838651
49,035,110800,1,734,+40.671401,-111.828265
49,035,110800,2,1758,+40.664024,-111.826114
49,035,110800,3,1285,+40.670545,-111.836035
49,035,110800,4,1648,+40.669654,-111.848514
49,035,110900,1,1171,+40.672758,-111.818283
49,035,110900,2,1691,+40.669896,-111.812596
49,035,110900,3,917,+40.663613,-111.808676
49,035,110900,4,783,+40.662604,-111.815867
49,035,111001,1,1223,+40.654243,-111.811325
49,035,111001,2,2215,+40.642078,-111.823959
49,035,111001,3,1032,+40.650599,-111.831635
49,035,111002,1,2355,+40.628479,-111.818621
49,035,111002,2,1948,+40.629475,-111.829785
49,035,111002,3,1356,+40.628154,-111.806809
49,035,111101,1,1347,+40.636147,-111.858474
49,035,111101,2,2217,+40.659906,-111.859828
49,035,111101,3,1145,+40.652291,-111.858974
49,035,111101,4,1570,+40.645542,-111.859542
49,035,111102,1,2017,+40.661769,-111.841008
49,035,111102,2,1156,+40.661693,-111.848005
49,035,111102,3,1036,+40.654131,-111.852730
49,035,111102,4,1895,+40.654948,-111.846424
49,035,111103,1,1233,+40.646556,-111.840523
49,035,111103,2,1486,+40.643584,-111.847486
49,035,111103,3,1945,+40.637524,-111.845630
49,035,111103,4,1239,+40.632921,-111.846562
49,035,111201,1,1107,+40.627726,-111.839355
49,035,111201,2,1654,+40.628416,-111.853218
49,035,111202,1,2473,+40.620752,-111.847253
49,035,111202,2,716,+40.618844,-111.846820
49,035,111202,3,1498,+40.620283,-111.838164
49,035,111302,1,1245,+40.613328,-111.793504
49,035,111302,2,2105,+40.620397,-111.808549
49,035,111302,3,1323,+40.612954,-111.811197
49,035,111302,4,1306,+40.614575,-111.800261
49,035,111304,1,1374,+40.595477,-111.804506
49,035,111304,2,2302,+40.603650,-111.800569
49,035,111305,1,1818,+40.618388,-111.820068
49,035,111305,2,2054,+40.618823,-111.829640
49,035,111306,1,1666,+40.609817,-111.826506
49,035,111306,2,870,+40.607118,-111.815270
49,035,111400,1,1168,+40.721604,-111.879320
49,035,111400,2,767,+40.715581,-111.879868
49,035,111400,3,1375,+40.708622,-111.879752
49,035,111400,4,1348,+40.708795,-111.886039
49,035,111400,5,836,+40.715239,-111.885350
49,035,111400,6,1061,+40.721839,-111.884919
49,035,111500,1,1794,+40.709984,-111.902482
49,035,111600,1,1285,+40.697449,-111.894189
49,035,111600,2,1735,+40.685390,-111.911859
49,035,111600,3,3452,+40.694133,-111.915078
49,035,111600,4,1000,+40.688818,-111.909244
49,035,111701,1,1051,+40.691274,-111.885059
49,035,111701,2,2507,+40.694484,-111.879868
49,035,111701,3,1636,+40.696812,-111.884613
49,035,111702,1,1243,+40.693014,-111.874031
49,035,111702,2,1060,+40.703053,-111.885468
49,035,111702,3,1196,+40.704589,-111.874203
49,035,111702,4,862,+40.702579,-111.879880
49,035,111801,1,1440,+40.694047,-111.856825
49,035,111801,2,2135,+40.691809,-111.868507
49,035,111801,3,1701,+40.693030,-111.862749
49,035,111802,1,1342,+40.704380,-111.868731
49,035,111802,2,1066,+40.703457,-111.860198
49,035,111903,1,1429,+40.681241,-111.868269
49,035,111903,2,875,+40.680966,-111.857085
49,035,111903,3,1612,+40.681309,-111.863112
49,035,111904,1,954,+40.671250,-111.868238
49,035,111904,2,1388,+40.671310,-111.859248
49,035,111904,3,1167,+40.667753,-111.860634
49,035,111905,1,1586,+40.671043,-111.874814
49,035,111905,2,1997,+40.681859,-111.874371
49,035,111906,1,2265,+40.683971,-111.880669
49,035,111906,2,1921,+40.679996,-111.882118
49,035,112001,1,1302,+40.669748,-111.881455
49,035,112001,2,1122,+40.663145,-111.867733
49,035,112001,3,857,+40.676241,-111.884313
49,035,112002,1,1330,+40.660178,-111.873096
49,035,112002,2,1006,+40.647267,-111.869884
49,035,112002,3,1441,+40.652035,-111.871779
49,035,112002,4,728,+40.664330,-111.884540
49,035,112100,1,1557,+40.650353,-111.917535
49,035,112100,2,1973,+40.668665,-111.893883
49,035,112100,3,1169,+40.663839,-111.905745
49,035,112100,4,948,+40.658113,-111.907648
49,035,112100,5,1617,+40.657341,-111.914698
49,035,112201,1,2227,+40.644999,-111.906960
49,035,112201,2,1900,+40.642160,-111.915134
49,035,112201,3,1122,+40.631175,-111.910728
49,035,112202,1,1556,+40.648427,-111.893736
49,035,112202,2,1351,+40.638687,-111.894718
49,035,112202,3,1002,+40.630272,-111.894370
49,035,112301,1,622,+40.653121,-111.877311
49,035,112301,2,1603,+40.652356,-111.883841
49,035,112301,3,1598,+40.645176,-111.878426
49,035,112302,1,981,+40.636938,-111.869404
49,035,112302,2,780,+40.639952,-111.878662
49,035,112302,3,1812,+40.633988,-111.877044
49,035,112402,1,1260,+40.608264,-111.898033
49,035,112402,2,1195,+40.600204,-111.893418
49,035,112402,3,2350,+40.600158,-111.899378
49,035,112402,4,1644,+40.591307,-111.894343
49,035,112403,1,1300,+40.614597,-111.913056
49,035,112403,2,1240,+40.607195,-111.912542
49,035,112403,3,1933,+40.604624,-111.907582
49,035,112404,1,1727,+40.625033,-111.893120
49,035,112404,2,2176,+40.615415,-111.898159
49,035,112501,1,779,+40.625153,-111.874140
49,035,112501,2,1437,+40.626387,-111.878285
49,035,112501,3,1519,+40.625823,-111.885852
49,035,112502,1,1420,+40.625808,-111.862889
49,035,112502,2,1117,+40.626033,-111.868861
49,035,112502,3,1640,+40.617285,-111.863729
49,035,112502,4,616,+40.617429,-111.869635
49,035,112502,5,1362,+40.612150,-111.863896
49,035,112503,1,1268,+40.617627,-111.877725
49,035,112503,2,1001,+40.618165,-111.885750
49,035,112503,3,1667,+40.611897,-111.877457
49,035,112503,4,697,+40.612387,-111.887171
49,035,112604,1,1431,+40.571867,-111.856901
49,035,112604,2,1634,+40.574389,-111.861560
49,035,112604,3,995,+40.575510,-111.867397
49,035,112604,4,1041,+40.567688,-111.862770
49,035,112605,1,1479,+40.576744,-111.877564
49,035,112605,2,890,+40.571143,-111.878296
49,035,112605,3,846,+40.577252,-111.884084
49,035,112605,4,1173,+40.578047,-111.896121
49,035,112605,5,2407,+40.580307,-111.911888
49,035,112608,1,1194,+40.590838,-111.840763
49,035,112608,2,1421,+40.584004,-111.839530
49,035,112608,3,1408,+40.591895,-111.848444
49,035,112608,4,1253,+40.584721,-111.848554
49,035,112609,1,2304,+40.582738,-111.810618
49,035,112609,2,1562,+40.583018,-111.820601
49,035,112609,3,1687,+40.585393,-111.829193
49,035,112610,1,1542,+40.607861,-111.883490
49,035,112610,2,902,+40.601699,-111.876640
49,035,112610,3,1872,+40.601326,-111.884501
49,035,112611,1,1445,+40.598603,-111.867194
49,035,112611,2,1718,+40.605559,-111.866927
49,035,112611,3,1487,+40.598680,-111.858138
49,035,112611,4,2005,+40.605635,-111.858422
49,035,112612,1,2264,+40.586763,-111.859119
49,035,112612,2,1832,+40.590143,-111.868494
49,035,112613,1,1163,+40.574999,-111.840629
49,035,112613,2,1860,+40.573614,-111.848732
49,035,112613,3,1892,+40.565947,-111.844737
49,035,112614,1,1489,+40.598133,-111.825876
49,035,112614,2,1891,+40.598922,-111.817207
49,035,112615,1,1367,+40.592279,-111.822615
49,035,112615,2,1052,+40.589266,-111.823081
49,035,112616,1,2984,+40.574351,-111.830429
49,035,112616,2,1549,+40.574330,-111.815756
49,035,112617,1,1322,+40.565530,-111.834197
49,035,112617,2,1268,+40.565712,-111.821505
49,035,112617,3,961,+40.566140,-111.827268
49,035,112618,1,1444,+40.612263,-111.847697
49,035,112618,2,1817,+40.604275,-111.846910
49,035,112619,1,1220,+40.599823,-111.835729
49,035,112619,2,1890,+40.597133,-111.844892
49,035,112700,1,831,+40.596466,-111.877143
49,035,112700,2,865,+40.590981,-111.877535
49,035,112700,3,1452,+40.592808,-111.885673
49,035,112700,4,1673,+40.584859,-111.881087
49,035,112804,1,1319,+40.555293,-111.867736
49,035,112804,2,1350,+40.554635,-111.858268
49,035,112804,3,1608,+40.548067,-111.867509
49,035,112804,4,1325,+40.547794,-111.857121
49,035,112805,1,1994,+40.539370,-111.858581
49,035,112805,2,1983,+40.538045,-111.866476
49,035,112805,3,1366,+40.532094,-111.856680
49,035,112810,1,1713,+40.493862,-111.969059
49,035,112810,2,3362,+40.484912,-111.937193
49,035,112810,3,1991,+40.481001,-111.957242
49,035,112812,1,1055,+40.562003,-111.860477
49,035,112812,2,1715,+40.562720,-111.867856
49,035,112812,3,1510,+40.562037,-111.876529
49,035,112812,4,1390,+40.564152,-111.882055
49,035,112813,1,1462,+40.551431,-111.848602
49,035,112813,2,1385,+40.550304,-111.838578
49,035,112813,3,1548,+40.542791,-111.849132
49,035,112813,4,1054,+40.542394,-111.836164
49,035,112814,1,2239,+40.544843,-111.822991
49,035,112814,2,2457,+40.554416,-111.816923
49,035,112815,1,2399,+40.534804,-111.844940
49,035,112815,2,2645,+40.534952,-111.825459
49,035,112816,1,1808,+40.515625,-111.860800
49,035,112816,2,1217,+40.503472,-111.863746
49,035,112816,3,1827,+40.494620,-111.878960
49,035,112817,1,3216,+40.517293,-111.904404
49,035,112817,2,1920,+40.550551,-111.907033
49,035,112817,3,1238,+40.532390,-111.912434
49,035,112818,1,3840,+40.491922,-111.898359
49,035,112819,1,2598,+40.511653,-111.886596
49,035,112819,2,4442,+40.514245,-111.876034
49,035,112820,1,4620,+40.480919,-111.882687
49,035,112820,2,2724,+40.494567,-111.857993
49,035,112821,1,2929,+40.517452,-111.844094
49,035,112821,2,3328,+40.489983,-111.841926
49,035,112822,1,2682,+40.550055,-111.885081
49,035,112822,2,2027,+40.550653,-111.875543
49,035,112823,1,1511,+40.540364,-111.876320
49,035,112823,2,1536,+40.540516,-111.886036
49,035,112823,3,1446,+40.531807,-111.880686
49,035,112904,1,964,+40.634492,-111.969624
49,035,112904,2,2861,+40.630572,-111.972974
49,035,112904,3,1337,+40.628040,-111.980068
49,035,112904,4,1569,+40.633938,-111.980471
49,035,112905,1,1704,+40.635162,-111.953501
49,035,112905,2,1168,+40.628136,-111.952824
49,035,112905,3,2519,+40.631826,-111.963109
49,035,112907,1,1693,+40.615973,-111.946154
49,035,112907,2,1639,+40.631827,-111.944401
49,035,112907,3,1316,+40.615819,-111.941424
49,035,112912,1,1192,+40.617433,-111.974174
49,035,112912,2,1577,+40.615661,-111.970361
49,035,112913,1,1563,+40.619410,-111.952979
49,035,112913,2,2412,+40.616168,-111.962398
49,035,112913,3,1154,+40.612385,-111.953169
49,035,112914,1,1198,+40.633723,-111.934280
49,035,112914,2,1928,+40.626977,-111.934406
49,035,112914,3,1588,+40.613757,-111.933889
49,035,112914,4,1579,+40.620501,-111.933825
49,035,112916,1,1843,+40.603206,-111.974357
49,035,112916,2,1338,+40.602334,-111.969771
49,035,112916,3,1386,+40.605294,-111.978385
49,035,112917,1,1668,+40.604638,-111.952137
49,035,112917,2,2196,+40.601928,-111.963741
49,035,112918,1,2412,+40.585785,-111.933816
49,035,112918,2,2830,+40.598758,-111.934299
49,035,112920,1,1704,+40.583272,-111.942990
49,035,112920,2,2605,+40.596440,-111.945717
49,035,112921,1,1203,+40.584097,-111.963334
49,035,112921,2,809,+40.585309,-111.953552
49,035,112921,3,1432,+40.592984,-111.963409
49,035,113007,1,2431,+40.577331,-111.995093
49,035,113007,2,2574,+40.568728,-111.995171
49,035,113008,1,1300,+40.576765,-111.962399
49,035,113008,2,1382,+40.568499,-111.963249
49,035,113008,3,1807,+40.573306,-111.971932
49,035,113008,4,1685,+40.572562,-111.982282
49,035,113010,1,1203,+40.567982,-111.952386
49,035,113010,2,1548,+40.573097,-111.944053
49,035,113010,3,2351,+40.571820,-111.934025
49,035,113010,4,1241,+40.576357,-111.953265
49,035,113011,1,2116,+40.553873,-111.953040
49,035,113011,2,1459,+40.550709,-111.945555
49,035,113011,3,2231,+40.551793,-111.933362
49,035,113012,1,2035,+40.569524,-111.921773
49,035,113012,2,2819,+40.548707,-111.923588
49,035,113013,1,2424,+40.531156,-111.980067
49,035,113013,2,2566,+40.531245,-111.964922
49,035,113014,1,1746,+40.530341,-111.952995
49,035,113014,2,2184,+40.529851,-111.944233
49,035,113016,1,2689,+40.507901,-111.973677
49,035,113016,2,3390,+40.513408,-111.962988
49,035,113017,1,1270,+40.518684,-111.953014
49,035,113017,2,1131,+40.517272,-111.945111
49,035,113017,3,2384,+40.511529,-111.949707
49,035,113017,4,1904,+40.504120,-111.946749
49,035,113019,1,5973,+40.548391,-111.969235
49,035,113020,1,11672,+40.549848,-111.994974
49,035,113101,1,1651,+40.599029,-112.001619
49,035,113101,2,881,+40.585500,-112.001206
49,035,113101,3,2704,+40.597947,-111.983109
49,035,113101,4,1922,+40.590757,-111.999538
49,035,113102,1,1938,+40.582920,-111.994417
49,035,113102,2,1954,+40.585905,-111.981308
49,035,113105,1,826,+40.564622,-112.098815
49,035,113105,2,3409,+40.499969,-112.059446
49,035,113107,1,6790,+40.527613,-112.009313
49,035,113107,2,6492,+40.498226,-112.016065
49,035,113107,3,8309,+40.509343,-112.020316
49,035,113108,1,2541,+40.593908,-112.015283
49,035,113108,2,1903,+40.592086,-112.010229
49,035,113305,1,2274,+40.718691,-111.933303
49,035,113305,2,2222,+40.704241,-111.935281
49,035,113305,3,1852,+40.710448,-111.943809
49,035,113305,4,1317,+40.701046,-111.943166
49,035,113306,1,1748,+40.690926,-111.944810
49,035,113306,2,2384,+40.687123,-111.941190
49,035,113306,3,1950,+40.691200,-111.950216
49,035,113307,1,1152,+40.707904,-111.955828
49,035,113307,2,1631,+40.707782,-111.962294
49,035,113307,3,2951,+40.708086,-111.970773
49,035,113307,4,1245,+40.713172,-111.971258
49,035,113308,1,1357,+40.699509,-111.954990
49,035,113308,2,1656,+40.700325,-111.962698
49,035,113308,3,2066,+40.700215,-111.972069
49,035,113309,1,2005,+40.692152,-111.972039
49,035,113309,2,1545,+40.685280,-111.971990
49,035,113309,3,1378,+40.685255,-111.962739
49,035,113310,1,1190,+40.687240,-111.955095
49,035,113310,2,1075,+40.695106,-111.963989
49,035,113310,3,750,+40.690674,-111.962882
49,035,113406,1,2539,+40.699963,-111.982773
49,035,113406,2,2636,+40.700732,-111.991356
49,035,113406,3,1571,+40.700870,-112.001575
49,035,113407,1,2004,+40.706781,-112.035043
49,035,113407,2,6084,+40.704222,-112.053621
49,035,113407,3,2852,+40.700684,-112.037239
49,035,113408,1,2525,+40.693364,-112.054574
49,035,113408,2,2420,+40.685487,-112.048922
49,035,113408,3,1699,+40.686180,-112.058403
49,035,113409,1,1769,+40.689595,-112.029621
49,035,113409,2,1813,+40.692912,-112.039413
49,035,113409,3,1876,+40.685466,-112.039239
49,035,113410,1,2208,+40.686492,-112.000984
49,035,113410,2,1397,+40.692528,-111.991159
49,035,113410,3,1805,+40.686029,-111.991965
49,035,113410,4,1098,+40.693237,-112.000742
49,035,113411,1,1072,+40.692188,-111.982955
49,035,113411,2,1617,+40.685691,-111.981818
49,035,113412,1,2847,+40.699936,-112.013753
49,035,113413,1,2197,+40.688496,-112.019584
49,035,113413,2,1223,+40.693632,-112.010327
49,035,113413,3,2185,+40.686748,-112.010042
49,035,113505,1,1405,+40.679552,-111.991234
49,035,113505,2,2057,+40.673552,-111.990554
49,035,113505,3,1793,+40.676276,-112.000888
49,035,113505,4,1541,+40.669138,-111.999797
49,035,113509,1,2928,+40.692693,-111.926393
49,035,113509,2,3404,+40.689263,-111.934112
49,035,113510,1,1613,+40.674758,-111.950368
49,035,113510,2,952,+40.678869,-111.944112
49,035,113510,3,686,+40.670379,-111.944272
49,035,113511,1,2183,+40.678862,-111.934214
49,035,113511,2,1492,+40.672359,-111.930883
49,035,113512,1,1906,+40.678298,-111.925334
49,035,113512,2,1604,+40.680520,-111.916213
49,035,113513,1,1172,+40.659243,-111.941504
49,035,113513,2,883,+40.660336,-111.946092
49,035,113513,3,1262,+40.660478,-111.950404
49,035,113513,4,2314,+40.648939,-111.946206
49,035,113514,1,1156,+40.666724,-111.931240
49,035,113514,2,1452,+40.667787,-111.918095
49,035,113514,3,1280,+40.670918,-111.914938
49,035,113514,4,1853,+40.671131,-111.910127
49,035,113515,1,2371,+40.660365,-111.923719
49,035,113515,2,1158,+40.658458,-111.934700
49,035,113515,3,2259,+40.649577,-111.932027
49,035,113520,1,2133,+40.673678,-111.961065
49,035,113520,2,1850,+40.678540,-111.962356
49,035,113521,1,2274,+40.662772,-111.971480
49,035,113521,2,1362,+40.655894,-111.972973
49,035,113521,3,1408,+40.663620,-111.981430
49,035,113521,4,1445,+40.656323,-111.980734
49,035,113522,1,1533,+40.660878,-111.955492
49,035,113522,2,1760,+40.660995,-111.963146
49,035,113523,1,1536,+40.645991,-111.972039
49,035,113523,2,1347,+40.649706,-111.982680
49,035,113523,3,2070,+40.642665,-111.982619
49,035,113523,4,1302,+40.650881,-111.973012
49,035,113525,1,2320,+40.676512,-112.030398
49,035,113525,2,4782,+40.673857,-112.039772
49,035,113526,1,2420,+40.644992,-112.036366
49,035,113526,2,1548,+40.641530,-112.028405
49,035,113526,3,1298,+40.648315,-112.028739
49,035,113527,1,1581,+40.634026,-112.021153
49,035,113527,2,1585,+40.634991,-112.014783
49,035,113527,3,1400,+40.634566,-112.009269
49,035,113528,1,2096,+40.627823,-112.021193
49,035,113528,2,1238,+40.629453,-112.013170
49,035,113528,3,1986,+40.626188,-112.011494
49,035,113532,1,1553,+40.644333,-111.960358
49,035,113532,2,1624,+40.646797,-111.964955
49,035,113533,1,2512,+40.639641,-111.929901
49,035,113533,2,1249,+40.645193,-111.949431
49,035,113533,3,1026,+40.644062,-111.954572
49,035,113534,1,4680,+40.630991,-112.038777
49,035,113534,2,2623,+40.628745,-112.030070
49,035,113535,1,7020,+40.615853,-112.022484
49,035,113536,1,2068,+40.678282,-111.982293
49,035,113536,2,2090,+40.671718,-111.983050
49,035,113537,1,1763,+40.678866,-111.972348
49,035,113537,2,1819,+40.671172,-111.972062
49,035,113538,1,1828,+40.679761,-112.011401
49,035,113538,2,1449,+40.676405,-112.013644
49,035,113539,1,2299,+40.673768,-112.020635
49,035,113539,2,2424,+40.671061,-112.010249
49,035,113600,1,1562,+40.664051,-111.990965
49,035,113600,2,1101,+40.657930,-111.991933
49,035,113600,3,1345,+40.663126,-111.997942
49,035,113600,4,1283,+40.656213,-111.998232
49,035,113701,1,1459,+40.640739,-111.996698
49,035,113701,2,1048,+40.648847,-111.989891
49,035,113701,3,1567,+40.642504,-111.989316
49,035,113702,1,1467,+40.649365,-111.996982
49,035,113702,2,1293,+40.644495,-111.997513
49,035,113801,1,2077,+40.661939,-112.019386
49,035,113801,2,1513,+40.658278,-112.018055
49,035,113801,3,1033,+40.654679,-112.011530
49,035,113801,4,1152,+40.654947,-112.020445
49,035,113802,1,1505,+40.663776,-112.005857
49,035,113802,2,1439,+40.657159,-112.004513
49,035,113802,3,1071,+40.664896,-112.010028
49,035,113803,1,2057,+40.651526,-112.014345
49,035,113803,2,4473,+40.644924,-112.018040
49,035,113803,3,2145,+40.642475,-112.007075
49,035,113903,1,3189,+40.708013,-112.074151
49,035,113903,2,1744,+40.709810,-112.086850
49,035,113904,1,1231,+40.699887,-112.066870
49,035,113904,2,816,+40.699966,-112.072622
49,035,113904,3,1323,+40.699742,-112.078999
49,035,113904,4,2287,+40.700442,-112.086227
49,035,113905,1,1659,+40.690972,-112.066438
49,035,113905,2,2099,+40.693212,-112.074004
49,035,113905,3,1702,+40.687923,-112.074690
49,035,113905,4,1856,+40.691826,-112.086612
49,035,113906,1,1652,+40.711389,-112.103618
49,035,113906,2,1025,+40.708251,-112.098008
49,035,113906,3,1292,+40.707293,-112.104499
49,035,113907,1,4258,+40.649333,-112.078057
49,035,113907,2,1342,+40.700414,-112.104726
49,035,113907,3,1238,+40.699830,-112.096592
49,035,114000,1,1501,+40.759600,-111.894501
49,035,114100,1,951,+40.722076,-111.867092
49,035,114100,2,1438,+40.722501,-111.836349
49,035,114200,1,2128,+40.622442,-111.926428
49,035,114200,2,2291,+40.590007,-111.923680
49,035,114300,1,4172,+40.629880,-111.985913
49,035,114300,2,2759,+40.619725,-111.999542
49,035,114300,3,3125,+40.602830,-112.016151
49,035,114300,4,5909,+40.599548,-112.043006
49,035,114500,1,2145,+40.705650,-112.005696
49,035,114500,2,1270,+40.705732,-111.991187
49,035,114500,3,2622,+40.708725,-112.002042
49,035,114600,1,1882,+40.511795,-111.931012
49,035,114600,2,2652,+40.529580,-111.933799
49,035,114600,3,2464,+40.531055,-111.925081
49,035,114700,1,2577,+40.803013,-111.933777
49,035,114700,2,2137,+40.794702,-111.930789
49,035,114800,1,1452,+40.786880,-111.860020
49,035,114800,2,825,+40.786657,-111.867606
49,035,114800,3,1273,+40.771892,-111.848776
49,035,115106,1,7858,+40.486265,-112.025037
49,035,115209,1,2605,+40.556079,-112.024080
49,035,115209,2,3505,+40.584319,-112.015253
49,035,980000,1,0,+40.788667,-111.991986
49,037,942000,1,2005,+37.266754,-109.200362
49,037,942000,2,1877,+37.132111,-109.425608
49,037,942100,1,1477,+37.065995,-110.118186
49,037,942100,2,710,+37.063255,-110.606228
49,037,978100,1,1782,+38.194652,-109.329786
49,037,978100,2,1131,+37.870551,-109.348667
49,037,978100,3,860,+37.871733,-109.335174
49,037,978200,1,653,+37.420382,-109.574939
49,037,978200,2,1339,+37.640427,-109.480681
49,037,978200,3,2218,+37.617937,-109.476063
49,037,978200,4,694,+37.625667,-109.480348
49,039,972100,1,1444,+39.669426,-111.424496
49,039,972100,2,784,+39.625853,-111.436958
49,039,972100,3,1151,+39.545222,-111.466170
49,039,972100,4,1449,+39.545602,-111.437707
49,039,972100,5,1382,+39.544122,-111.454924
49,039,972100,6,1420,+39.477002,-111.489792
49,039,972200,1,2192,+39.579563,-111.613609
49,039,972200,2,1578,+39.527880,-111.581973
49,039,972300,1,2269,+39.155957,-111.820501
49,039,972300,2,797,+39.154024,-111.808005
49,039,972300,3,1649,+39.128793,-111.816978
49,039,972300,4,725,+39.156150,-111.824824
49,039,972400,1,869,+39.354581,-111.594466
49,039,972400,2,1109,+39.360694,-111.588144
49,039,972400,3,2505,+39.359300,-111.579677
49,039,972400,4,1921,+39.353565,-111.575094
49,039,972500,1,1440,+39.263401,-111.630305
49,039,972500,2,1993,+39.265243,-111.644186
49,039,972500,3,1145,+39.158906,-111.693186
49,041,975100,1,932,+39.003882,-111.867720
49,041,975100,2,1356,+38.962086,-111.861346
49,041,975100,3,1276,+38.952631,-111.861888
49,041,975100,4,1141,+38.921441,-111.936167
49,041,975200,1,1281,+38.733242,-111.950675
49,041,975200,2,1476,+38.728225,-112.033049
49,041,975300,1,1092,+38.777944,-112.090704
49,041,975300,2,975,+38.770620,-112.090845
49,041,975300,3,968,+38.764526,-112.091495
49,041,975300,4,1924,+38.757032,-112.095834
49,041,975400,1,2383,+38.756001,-112.083721
49,041,975400,2,1096,+38.768344,-112.079353
49,041,975500,1,921,+38.684653,-112.145540
49,041,975500,2,909,+38.616218,-112.201602
49,041,975500,3,1654,+38.642486,-112.133571
49,041,975500,4,1418,+38.634968,-112.113735
49,043,964101,1,1130,+40.945367,-111.386697
49,043,964101,2,922,+41.013303,-111.500799
49,043,964102,1,673,+40.869498,-111.345587
49,043,964102,2,1170,+40.802818,-111.424257
49,043,964102,3,970,+40.904461,-111.389426
49,043,964201,1,817,+40.599613,-111.236508
49,043,964201,2,1243,+40.627797,-111.276510
49,043,964201,3,1545,+40.642821,-111.299047
49,043,964202,1,1292,+40.672335,-111.267287
49,043,964202,2,1763,+40.714410,-111.298050
49,043,964203,1,78,+40.797810,-111.116610
49,043,964203,2,25,+40.930673,-110.826037
49,043,964303,1,1466,+40.760442,-111.590112
49,043,964303,2,1449,+40.762433,-111.565100
49,043,964304,1,1504,+40.740323,-111.609671
49,043,964304,2,1454,+40.745207,-111.581897
49,043,964304,3,1262,+40.734792,-111.573028
49,043,964304,4,618,+40.746049,-111.568530
49,043,964305,1,265,+40.676841,-111.557835
49,043,964305,2,493,+40.705215,-111.562281
49,043,964305,3,768,+40.706933,-111.549768
49,043,964306,1,1225,+40.761191,-111.491821
49,043,964306,2,1368,+40.730946,-111.531839
49,043,964307,1,239,+40.719246,-111.541196
49,043,964307,2,1726,+40.702482,-111.540741
49,043,964307,3,802,+40.706098,-111.528813
49,043,964307,4,2149,+40.717550,-111.499556
49,043,964308,1,531,+40.686118,-111.522144
49,043,964308,2,898,+40.671262,-111.494697
49,043,964308,3,1531,+40.675381,-111.505137
49,043,964401,1,532,+40.666550,-111.521084
49,043,964401,2,784,+40.646739,-111.502264
49,043,964402,1,400,+40.636807,-111.492327
49,043,964402,2,1125,+40.656975,-111.496544
49,043,964402,3,192,+40.657830,-111.475946
49,043,964402,4,1915,+40.664651,-111.495393
49,045,130600,1,363,+40.369141,-113.356095
49,045,130600,2,1319,+40.738059,-114.035833
49,045,130600,3,795,+40.225801,-112.748565
49,045,130701,1,945,+40.608125,-112.275393
49,045,130701,2,1296,+40.554264,-112.266232
49,045,130701,3,1095,+40.672686,-112.264743
49,045,130702,1,3739,+40.632546,-112.298250
49,045,130702,2,3628,+40.641050,-112.304163
49,045,130702,3,1243,+40.624310,-112.314959
49,045,130702,4,4186,+40.567726,-112.328169
49,045,130702,5,413,+40.596003,-112.322866
49,045,130702,6,424,+40.575979,-112.305367
49,045,130703,1,941,+40.261762,-112.432610
49,045,130703,2,1862,+40.477065,-112.340382
49,045,130703,3,4194,+40.601335,-112.428067
49,045,130800,1,734,+40.602339,-112.448395
49,045,130800,2,2429,+40.590892,-112.467187
49,045,130800,3,970,+40.593893,-112.449868
49,045,130800,4,1233,+40.605495,-112.473094
49,045,130900,1,2985,+40.546296,-112.305401
49,045,130900,2,1633,+40.537628,-112.311120
49,045,131001,1,2654,+40.556045,-112.284283
49,045,131002,1,1357,+40.537338,-112.279130
49,045,131002,2,2162,+40.535264,-112.290678
49,045,131002,3,2542,+40.546016,-112.278834
49,045,131002,4,2261,+40.545217,-112.289157
49,045,131100,1,3834,+40.517380,-112.320097
49,045,131100,2,1874,+40.527951,-112.306277
49,045,131100,3,1707,+40.519477,-112.308009
49,045,131200,1,1060,+40.526697,-112.278773
49,045,131200,2,2340,+40.526043,-112.290507
49,045,980000,1,0,+40.848624,-112.465296
49,047,940201,1,710,+40.197405,-109.771554
49,047,940201,2,1223,+40.294561,-109.856038
49,047,940201,3,956,+40.332201,-109.897042
49,047,940201,4,1806,+40.439299,-109.862323
49,047,940201,5,1058,+40.303596,-109.953312
49,047,968200,1,2849,+40.420489,-109.442200
49,047,968200,2,3026,+40.402048,-109.521457
49,047,968200,3,1575,+40.418021,-109.488975
49,047,968301,1,3116,+40.442173,-109.590837
49,047,968301,2,2190,+40.455855,-109.552587
49,047,968302,1,1518,+40.532603,-109.632213
49,047,968302,2,1475,+40.473427,-109.565312
49,047,968302,3,1575,+40.475464,-109.588202
49,047,968401,1,1475,+40.464913,-109.523191
49,047,968401,2,994,+40.452979,-109.523242
49,047,968401,3,1263,+40.461124,-109.533405
49,047,968402,1,1849,+40.434791,-109.549796
49,047,968402,2,2433,+40.436946,-109.523714
49,047,968402,3,1497,+40.451157,-109.537535
49,049,000102,1,923,+40.409391,-111.870460
49,049,000102,2,1044,+40.403146,-111.861050
49,049,000102,3,1150,+40.397460,-111.854503
49,049,000102,4,1371,+40.393012,-111.852691
49,049,000103,1,775,+40.389859,-111.851402
49,049,000103,2,845,+40.386197,-111.840595
49,049,000103,3,879,+40.385528,-111.849587
49,049,000103,4,1306,+40.383144,-111.860950
49,049,000104,1,863,+40.401561,-111.844925
49,049,000104,2,2195,+40.409466,-111.853154
49,049,000105,1,1847,+40.398395,-111.834596
49,049,000105,2,2270,+40.412221,-111.834883
49,049,000203,1,1117,+40.379746,-111.789497
49,049,000203,2,1998,+40.379598,-111.777270
49,049,000203,3,1230,+40.375685,-111.779272
49,049,000204,1,909,+40.393938,-111.826151
49,049,000204,2,1789,+40.387242,-111.814044
49,049,000204,3,1125,+40.387790,-111.804026
49,049,000204,4,1114,+40.382399,-111.801500
49,049,000204,5,691,+40.379321,-111.807717
49,049,000205,1,1623,+40.402219,-111.817424
49,049,000205,2,2116,+40.403013,-111.801339
49,049,000206,1,1617,+40.394951,-111.811781
49,049,000206,2,1856,+40.394973,-111.802714
49,049,000400,1,1531,+40.374108,-111.802076
49,049,000400,2,1953,+40.369547,-111.790245
49,049,000504,1,1324,+40.372404,-111.731129
49,049,000504,2,1226,+40.365397,-111.735093
49,049,000504,3,1526,+40.364530,-111.725014
49,049,000505,1,1269,+40.372909,-111.720214
49,049,000505,2,1112,+40.368746,-111.714376
49,049,000505,3,668,+40.364075,-111.710997
49,049,000506,1,1896,+40.356261,-111.731497
49,049,000506,2,1756,+40.356332,-111.718639
49,049,000507,1,1184,+40.356516,-111.704180
49,049,000507,2,1023,+40.357023,-111.709881
49,049,000508,1,2150,+40.371624,-111.763948
49,049,000508,2,1550,+40.372317,-111.753872
49,049,000508,3,1304,+40.370213,-111.744340
49,049,000509,1,2904,+40.363636,-111.761636
49,049,000509,2,2019,+40.357960,-111.751845
49,049,000509,3,1270,+40.360691,-111.742633
49,049,000601,1,1308,+40.345236,-111.738904
49,049,000601,2,1797,+40.335564,-111.725474
49,049,000603,1,1738,+40.349345,-111.717646
49,049,000603,2,1372,+40.341377,-111.701340
49,049,000603,3,866,+40.339324,-111.710553
49,049,000604,1,1362,+40.345116,-111.694426
49,049,000604,2,1706,+40.336922,-111.686772
49,049,000703,1,2173,+40.316009,-111.699567
49,049,000703,2,1933,+40.315839,-111.691125
49,049,000703,3,1201,+40.315319,-111.682126
49,049,000706,1,860,+40.323688,-111.726366
49,049,000706,2,1551,+40.322680,-111.721836
49,049,000706,3,1901,+40.316089,-111.718829
49,049,000706,4,1518,+40.316381,-111.709379
49,049,000707,1,1630,+40.329379,-111.715397
49,049,000707,2,2015,+40.322742,-111.712539
49,049,000708,1,1675,+40.330165,-111.697138
49,049,000708,2,1163,+40.330151,-111.705539
49,049,000709,1,1551,+40.323316,-111.700950
49,049,000709,2,1366,+40.323019,-111.690600
49,049,000710,1,1671,+40.331916,-111.687889
49,049,000710,2,1399,+40.329156,-111.680355
49,049,000711,1,1247,+40.315687,-111.673403
49,049,000711,2,1070,+40.319010,-111.666455
49,049,000801,1,2327,+40.308252,-111.719726
49,049,000801,2,1225,+40.307401,-111.703236
49,049,000801,3,1953,+40.308024,-111.710036
49,049,000802,1,2306,+40.301456,-111.720184
49,049,000802,2,1224,+40.300324,-111.710893
49,049,000802,3,1637,+40.300563,-111.702281
49,049,000901,1,1724,+40.308381,-111.696296
49,049,000901,2,1935,+40.301625,-111.691513
49,049,000901,3,1941,+40.308372,-111.689615
49,049,000903,1,877,+40.309800,-111.680019
49,049,000903,2,1358,+40.307968,-111.667454
49,049,000903,3,1300,+40.306353,-111.679058
49,049,000904,1,1671,+40.300921,-111.681123
49,049,000904,2,1404,+40.301025,-111.671160
49,049,001001,1,946,+40.293407,-111.688985
49,049,001001,2,1423,+40.293258,-111.680614
49,049,001001,3,1262,+40.293520,-111.672603
49,049,001002,1,1807,+40.286383,-111.682548
49,049,001002,2,814,+40.286280,-111.672846
49,049,001103,1,1130,+40.277456,-111.709050
49,049,001103,2,1544,+40.279014,-111.699808
49,049,001105,1,1650,+40.286340,-111.709623
49,049,001105,2,1914,+40.286804,-111.722131
49,049,001106,1,891,+40.292824,-111.710049
49,049,001106,2,2055,+40.293398,-111.719841
49,049,001107,1,1655,+40.286043,-111.700386
49,049,001107,2,1930,+40.293001,-111.699555
49,049,001108,1,1188,+40.285320,-111.693110
49,049,001108,2,2031,+40.278219,-111.692154
49,049,001201,1,2183,+40.269589,-111.699591
49,049,001201,2,2069,+40.267008,-111.705590
49,049,001202,1,1908,+40.269753,-111.689431
49,049,001202,2,1420,+40.264119,-111.691284
49,049,001202,3,1380,+40.263593,-111.684027
49,049,001300,1,825,+40.277113,-111.672286
49,049,001300,2,737,+40.279489,-111.683253
49,049,001300,3,1967,+40.268222,-111.678199
49,049,001401,1,943,+40.261139,-111.662395
49,049,001401,2,1032,+40.275934,-111.661746
49,049,001401,3,1438,+40.290323,-111.663100
49,049,001401,4,384,+40.303511,-111.660367
49,049,001402,1,1232,+40.256888,-111.673965
49,049,001402,2,1534,+40.261940,-111.673762
49,049,001402,3,1791,+40.258972,-111.669972
49,049,001402,4,2033,+40.255396,-111.665732
49,049,001501,1,1240,+40.287904,-111.652105
49,049,001501,2,1240,+40.287412,-111.643379
49,049,001501,3,1347,+40.295030,-111.645316
49,049,001503,1,1823,+40.275299,-111.652477
49,049,001503,2,1837,+40.277532,-111.640754
49,049,001504,1,2173,+40.260304,-111.653183
49,049,001504,2,747,+40.266249,-111.651464
49,049,001504,3,1647,+40.268257,-111.641417
49,049,001601,1,2542,+40.261736,-111.659876
49,049,001601,2,3580,+40.253386,-111.659734
49,049,001602,1,1744,+40.252833,-111.654112
49,049,001602,2,0,+40.254706,-111.646654
49,049,001602,3,1548,+40.251560,-111.645403
49,049,001602,4,437,+40.244730,-111.647759
49,049,001603,1,2556,+40.258186,-111.640517
49,049,001603,2,1772,+40.258864,-111.645226
49,049,001701,1,1595,+40.256192,-111.633497
49,049,001701,2,2030,+40.250336,-111.639151
49,049,001702,1,1589,+40.238162,-111.640058
49,049,001702,2,1287,+40.240099,-111.635698
49,049,001702,3,1710,+40.242059,-111.639630
49,049,001801,1,1381,+40.244264,-111.657656
49,049,001801,2,1553,+40.242918,-111.654253
49,049,001801,3,1099,+40.242684,-111.648952
49,049,001801,4,1975,+40.243666,-111.644878
49,049,001802,1,1212,+40.239610,-111.656310
49,049,001802,2,1823,+40.240000,-111.653339
49,049,001802,3,1957,+40.240064,-111.649710
49,049,001802,4,1016,+40.239535,-111.645123
49,049,001803,1,1125,+40.236140,-111.653691
49,049,001803,2,1052,+40.235932,-111.648006
49,049,001900,1,1174,+40.245749,-111.660734
49,049,001900,2,1364,+40.242265,-111.661158
49,049,001900,3,1648,+40.238697,-111.664120
49,049,002000,1,1089,+40.241975,-111.678246
49,049,002000,2,1986,+40.243732,-111.670130
49,049,002000,3,1168,+40.237036,-111.671318
49,049,002000,4,1885,+40.237774,-111.679299
49,049,002101,1,1663,+40.249839,-111.690157
49,049,002101,2,952,+40.256620,-111.690333
49,049,002101,3,1235,+40.256849,-111.681298
49,049,002102,1,1165,+40.250207,-111.682021
49,049,002102,2,1810,+40.247890,-111.676372
49,049,002201,1,1616,+40.284746,-111.738154
49,049,002201,2,1679,+40.281319,-111.729029
49,049,002201,3,1677,+40.272868,-111.721890
49,049,002204,1,1509,+40.247295,-111.710635
49,049,002204,2,2179,+40.247558,-111.702646
49,049,002205,1,2249,+40.235990,-111.700460
49,049,002205,2,1880,+40.240198,-111.701067
49,049,002206,1,2403,+40.229893,-111.693956
49,049,002206,2,893,+40.228668,-111.683623
49,049,002207,1,971,+40.221498,-111.688136
49,049,002207,2,1488,+40.216523,-111.673504
49,049,002207,3,1145,+40.212293,-111.667308
49,049,002300,1,966,+40.230573,-111.676459
49,049,002300,2,1538,+40.230075,-111.671019
49,049,002300,3,1133,+40.229492,-111.664652
49,049,002400,1,1138,+40.232702,-111.661569
49,049,002500,1,1051,+40.231468,-111.653051
49,049,002500,2,1244,+40.232073,-111.646560
49,049,002500,3,843,+40.227952,-111.653529
49,049,002500,4,1159,+40.227890,-111.645306
49,049,002701,1,626,+40.231461,-111.640272
49,049,002701,2,1363,+40.226763,-111.638688
49,049,002701,3,843,+40.225874,-111.633181
49,049,002701,4,328,+40.232876,-111.634393
49,049,002702,1,2856,+40.218410,-111.632508
49,049,002702,2,1572,+40.206229,-111.623477
49,049,002801,1,1794,+40.223638,-111.670688
49,049,002801,2,1790,+40.221182,-111.664083
49,049,002802,1,1324,+40.219126,-111.641707
49,049,002802,2,122,+40.199056,-111.623513
49,049,002901,1,1235,+40.171592,-111.626629
49,049,002901,2,1104,+40.163877,-111.625490
49,049,002901,3,1515,+40.151227,-111.641438
49,049,002901,4,1217,+40.149829,-111.629823
49,049,002902,1,703,+40.169701,-111.614319
49,049,002902,2,1780,+40.178203,-111.614960
49,049,002902,3,1133,+40.162527,-111.614424
49,049,003001,1,897,+40.169614,-111.606498
49,049,003001,2,1351,+40.178769,-111.607043
49,049,003001,3,1917,+40.180799,-111.602631
49,049,003002,1,1054,+40.169568,-111.599214
49,049,003002,2,1202,+40.170056,-111.590206
49,049,003103,1,1486,+40.155452,-111.588374
49,049,003103,2,1248,+40.151019,-111.591697
49,049,003104,1,1168,+40.161222,-111.582871
49,049,003104,2,1324,+40.157127,-111.573247
49,049,003104,3,1376,+40.150398,-111.572592
49,049,003105,1,1167,+40.163965,-111.592241
49,049,003105,2,1216,+40.163963,-111.604624
49,049,003105,3,1246,+40.158816,-111.602997
49,049,003106,1,1202,+40.150791,-111.605596
49,049,003106,2,1521,+40.150393,-111.600652
49,049,003201,1,1142,+40.118954,-111.650055
49,049,003201,2,1456,+40.117010,-111.642271
49,049,003203,1,1239,+40.100927,-111.646036
49,049,003203,2,1199,+40.097208,-111.638535
49,049,003203,3,1659,+40.092977,-111.634103
49,049,003204,1,1518,+40.112380,-111.647418
49,049,003204,2,1216,+40.107616,-111.647236
49,049,003205,1,1531,+40.105087,-111.628031
49,049,003205,2,1340,+40.103208,-111.632224
49,049,003205,3,1408,+40.110298,-111.637403
49,049,003300,1,1188,+40.117896,-111.659855
49,049,003300,2,1573,+40.111947,-111.662649
49,049,003300,3,2266,+40.104436,-111.671872
49,049,003300,4,1015,+40.105121,-111.660801
49,049,003401,1,1186,+40.052531,-111.721448
49,049,003401,2,1306,+40.047333,-111.736806
49,049,003401,3,1246,+40.046639,-111.723094
49,049,003402,1,1501,+40.038499,-111.727797
49,049,003402,2,2210,+40.027387,-111.732117
49,049,003402,3,1093,+40.037593,-111.720871
49,049,003402,4,1231,+40.038608,-111.713306
49,049,003403,1,1426,+40.040486,-111.741268
49,049,003403,2,1443,+40.034879,-111.741754
49,049,003403,3,1211,+40.024146,-111.744470
49,049,003403,4,1126,+40.029101,-111.747031
49,049,010103,1,2896,+40.313906,-112.009790
49,049,010103,2,1716,+40.308815,-112.004097
49,049,010103,3,2126,+40.301910,-112.010257
49,049,010104,1,1434,+40.357039,-111.983867
49,049,010104,2,1592,+40.359910,-111.975085
49,049,010104,3,2443,+40.352787,-111.967514
49,049,010104,4,1530,+40.356790,-111.955284
49,049,010105,1,1783,+40.358790,-112.001645
49,049,010105,2,2090,+40.369022,-111.979514
49,049,010105,3,3691,+40.373356,-111.958551
49,049,010106,1,1640,+40.337411,-111.924983
49,049,010106,2,2465,+40.339992,-111.909827
49,049,010107,1,1078,+40.292642,-112.095402
49,049,010107,2,1403,+40.384873,-111.995293
49,049,010108,1,1573,+40.421643,-111.895593
49,049,010108,2,2457,+40.437214,-111.903112
49,049,010108,3,850,+40.416056,-111.880307
49,049,010108,4,1624,+40.408665,-111.887063
49,049,010109,1,3045,+40.404257,-111.928586
49,049,010109,2,3041,+40.394897,-111.925931
49,049,010109,3,850,+40.375905,-111.917255
49,049,010110,1,632,+40.394210,-111.885809
49,049,010110,2,765,+40.402545,-111.880676
49,049,010111,1,2020,+40.380298,-111.899417
49,049,010111,2,2545,+40.383734,-111.875183
49,049,010111,3,2250,+40.369121,-111.870497
49,049,010112,1,2694,+40.371856,-111.859992
49,049,010112,2,2190,+40.369045,-111.822327
49,049,010113,1,2691,+40.291788,-111.882274
49,049,010113,2,2034,+40.316871,-111.903034
49,049,010208,1,1437,+40.454666,-111.796309
49,049,010208,2,1151,+40.449144,-111.786498
49,049,010208,3,1346,+40.436574,-111.793109
49,049,010209,1,1406,+40.452374,-111.769903
49,049,010209,2,1344,+40.449078,-111.757934
49,049,010209,3,1158,+40.436124,-111.768168
49,049,010209,4,1567,+40.443771,-111.772414
49,049,010210,1,1558,+40.400469,-111.743543
49,049,010210,2,1478,+40.409801,-111.756753
49,049,010210,3,2059,+40.409968,-111.766672
49,049,010210,4,975,+40.377042,-111.722436
49,049,010211,1,895,+40.461748,-111.783351
49,049,010211,2,215,+40.473722,-111.760918
49,049,010211,3,1075,+40.464505,-111.760810
49,049,010211,4,1061,+40.461959,-111.771951
49,049,010212,1,1225,+40.442834,-111.891422
49,049,010212,2,2657,+40.448729,-111.886899
49,049,010213,1,1164,+40.396457,-111.753521
49,049,010213,2,1446,+40.402539,-111.768010
49,049,010214,1,1874,+40.426762,-111.874155
49,049,010214,2,1682,+40.426881,-111.858837
49,049,010214,3,1357,+40.417679,-111.862277
49,049,010214,4,1171,+40.417395,-111.856053
49,049,010215,1,1303,+40.380245,-111.735117
49,049,010215,2,2192,+40.382479,-111.744742
49,049,010215,3,1441,+40.385743,-111.762942
49,049,010215,4,2235,+40.383034,-111.754266
49,049,010216,1,1300,+40.422826,-111.845792
49,049,010216,2,1399,+40.425798,-111.835173
49,049,010217,1,1770,+40.470601,-111.831790
49,049,010217,2,1180,+40.446578,-111.808045
49,049,010217,3,925,+40.438792,-111.810694
49,049,010218,1,1241,+40.424618,-111.819099
49,049,010218,2,710,+40.426286,-111.807308
49,049,010218,3,1484,+40.413196,-111.808529
49,049,010218,4,2180,+40.414711,-111.822969
49,049,010219,1,1389,+40.426493,-111.794778
49,049,010219,2,1631,+40.422152,-111.781685
49,049,010219,3,1571,+40.412808,-111.794558
49,049,010220,1,2000,+40.421755,-111.768313
49,049,010220,2,2834,+40.421777,-111.757132
49,049,010220,3,1138,+40.421700,-111.749151
49,049,010303,1,2312,+40.142666,-111.589083
49,049,010303,2,1944,+40.140680,-111.569128
49,049,010304,1,1658,+40.122878,-111.629004
49,049,010304,2,2270,+40.130509,-111.609063
49,049,010304,3,2662,+40.105495,-111.619633
49,049,010305,1,1281,+40.116846,-111.588162
49,049,010305,2,1519,+40.125739,-111.570398
49,049,010404,1,2150,+40.095576,-111.624294
49,049,010404,2,2381,+40.089006,-111.623309
49,049,010405,1,1782,+40.091341,-111.612264
49,049,010405,2,2331,+40.088402,-111.605685
49,049,010406,1,1293,+40.090205,-111.670499
49,049,010406,2,706,+40.070705,-111.640511
49,049,010407,1,1300,+40.042337,-111.686908
49,049,010407,2,1260,+40.049762,-111.675236
49,049,010408,1,1481,+40.054246,-111.664428
49,049,010408,2,854,+40.047836,-111.656863
49,049,010408,3,1195,+40.041994,-111.668799
49,049,010409,1,1365,+39.973267,-111.766557
49,049,010409,2,1312,+39.966065,-111.777835
49,049,010410,1,2466,+40.016363,-111.736660
49,049,010410,2,773,+40.016700,-111.748200
49,049,010411,1,1449,+40.010507,-111.680682
49,049,010411,2,1072,+40.017709,-111.678427
49,049,010411,3,1933,+40.022303,-111.646339
49,049,010503,1,742,+40.120001,-111.750472
49,049,010503,2,2171,+40.138229,-111.683109
49,049,010504,1,1606,+40.035277,-111.768928
49,049,010504,2,1366,+40.078098,-111.760193
49,049,010505,1,1902,+39.985811,-111.788634
49,049,010505,2,731,+39.980001,-111.775972
49,049,010505,3,1339,+39.979710,-111.790467
49,049,010506,1,1052,+39.968432,-111.791445
49,049,010506,2,777,+39.972730,-111.780327
49,049,010600,1,1521,+40.005566,-111.839428
49,049,010600,2,1989,+39.950404,-111.884924
49,049,010700,1,1405,+40.396111,-111.786852
49,049,010700,2,1373,+40.386798,-111.775191
49,049,010700,3,2075,+40.387359,-111.788094
49,049,010900,1,294,+40.355287,-111.590749
49,049,010900,2,765,+40.099157,-111.496552
49,049,980100,1,0,+40.411952,-112.039533
49,051,940500,1,2137,+40.579341,-111.351754
49,051,940500,2,838,+40.387052,-111.414395
49,051,940500,3,2497,+40.479195,-111.409497
49,051,940500,4,3142,+40.487880,-111.364431
49,051,960100,1,1890,+40.512921,-111.418641
49,051,960100,2,2014,+40.498518,-111.422116
49,051,960200,1,2103,+40.501960,-111.404359
49,051,960200,2,3817,+40.514326,-111.401032
49,051,960400,1,2611,+40.521597,-111.483422
49,051,960400,2,2481,+40.505051,-111.463084
49,053,270100,1,1495,+37.196610,-113.072852
49,053,270100,2,1099,+37.461714,-113.267093
49,053,270100,3,1411,+37.244394,-113.287308
49,053,270100,4,1379,+37.236098,-113.363346
49,053,270100,5,3455,+37.021969,-113.007861
49,053,270200,1,966,+37.399561,-113.611978
49,053,270200,2,2108,+37.560927,-113.709384
49,053,270300,1,1630,+37.113528,-113.591374
49,053,270300,2,2225,+37.114599,-113.580265
49,053,270300,3,2162,+37.230452,-113.614475
49,053,270300,4,2131,+37.236273,-113.682713
49,053,270400,1,2344,+37.158217,-113.672010
49,053,270400,2,3874,+37.172470,-113.678982
49,053,270500,1,1662,+37.137757,-113.642423
49,053,270500,2,2395,+37.143626,-113.663982
49,053,270500,3,1064,+37.140519,-113.655066
49,053,270500,4,2302,+37.122901,-113.639532
49,053,270600,1,2655,+37.113008,-113.614126
49,053,270600,2,2764,+37.116130,-113.620501
49,053,270600,3,2305,+37.099736,-113.622546
49,053,270700,1,3446,+37.137619,-113.619804
49,053,270700,2,1705,+37.137300,-113.629432
49,053,270700,3,1623,+37.128806,-113.627193
49,053,270700,4,2951,+37.127362,-113.615333
49,053,270801,1,6736,+37.102558,-113.502119
49,053,270801,2,5277,+37.142224,-113.484028
49,053,270801,3,1503,+37.127125,-113.499650
49,053,270802,1,3684,+37.144364,-113.521726
49,053,270802,2,1435,+37.131369,-113.513391
49,053,270901,1,3796,+37.158723,-113.293658
49,053,270902,1,3405,+37.176935,-113.360411
49,053,270902,2,3524,+37.163217,-113.353086
49,053,270902,3,3184,+37.184185,-113.291902
49,053,271000,1,1629,+37.206777,-113.263712
49,053,271000,2,2484,+37.206138,-113.277360
49,053,271100,1,2673,+37.109796,-113.526303
49,053,271100,2,2095,+37.105289,-113.538033
49,053,271100,3,3720,+37.115028,-113.537860
49,053,271100,4,1816,+37.118824,-113.526072
49,053,271200,1,1994,+37.116800,-113.545993
49,053,271200,2,1381,+37.100561,-113.559581
49,053,271300,1,1085,+37.098409,-113.566261
49,053,271300,2,1656,+37.103952,-113.567459
49,053,271300,3,1272,+37.096123,-113.573251
49,053,271400,1,756,+37.103684,-113.580332
49,053,271400,2,1090,+37.104032,-113.587325
49,053,271400,3,1969,+37.097226,-113.581668
49,053,271500,1,4244,+37.110570,-113.605965
49,053,271500,2,2019,+37.071269,-113.601850
49,053,271600,1,2891,+37.040066,-113.606849
49,053,271600,2,2871,+37.051239,-113.610738
49,053,271701,1,3183,+37.073836,-113.565377
49,053,271701,2,4911,+37.072518,-113.541609
49,053,271702,1,1496,+37.055920,-113.535249
49,053,271702,2,3987,+37.050019,-113.566716
49,053,271800,1,2444,+37.089291,-113.565916
49,053,271800,2,754,+37.094067,-113.563202
49,055,979100,1,1314,+38.411513,-111.625147
49,055,979100,2,1464,+38.316869,-111.325707
49,057,200100,1,1768,+41.264978,-111.951624
49,057,200100,2,1374,+41.260003,-111.944764
49,057,200100,3,1164,+41.255149,-111.951738
49,057,200202,1,1747,+41.262619,-111.966214
49,057,200202,2,1845,+41.255274,-111.963477
49,057,200203,1,1445,+41.274870,-111.964456
49,057,200203,2,1737,+41.272662,-111.955532
49,057,200203,3,1744,+41.269623,-111.964618
49,057,200204,1,2259,+41.282167,-111.953873
49,057,200204,2,2333,+41.281903,-111.963794
49,057,200300,1,786,+41.281205,-112.003783
49,057,200300,2,4184,+41.255550,-111.983012
49,057,200300,3,1820,+41.257067,-111.974219
49,057,200400,1,893,+41.242513,-111.975866
49,057,200400,2,913,+41.237521,-111.973513
49,057,200500,1,874,+41.249760,-111.965116
49,057,200500,2,1046,+41.246379,-111.961280
49,057,200500,3,2531,+41.239861,-111.950795
49,057,200500,4,833,+41.239979,-111.962238
49,057,200500,5,922,+41.240320,-111.967025
49,057,200600,1,904,+41.247905,-111.951722
49,057,200600,2,1024,+41.247607,-111.944540
49,057,200600,3,939,+41.252404,-111.939733
49,057,200600,4,1309,+41.243781,-111.936835
49,057,200700,1,1170,+41.230128,-111.942421
49,057,200700,2,1015,+41.226486,-111.933686
49,057,200700,3,959,+41.224473,-111.942632
49,057,200800,1,1928,+41.229851,-111.953311
49,057,200800,2,1563,+41.224601,-111.953771
49,057,200800,3,1165,+41.220463,-111.953834
49,057,200900,1,1699,+41.230762,-111.964472
49,057,200900,2,1729,+41.224995,-111.963338
49,057,200900,3,891,+41.220497,-111.963105
49,057,201100,1,1676,+41.222373,-111.974337
49,057,201200,1,1305,+41.212321,-111.976757
49,057,201200,2,997,+41.213091,-111.970230
49,057,201301,1,1564,+41.216347,-111.954325
49,057,201301,2,1376,+41.216559,-111.963674
49,057,201302,1,1301,+41.212269,-111.953345
49,057,201302,2,944,+41.208277,-111.953700
49,057,201302,3,1446,+41.212313,-111.963650
49,057,201400,1,997,+41.220098,-111.942998
49,057,201400,2,799,+41.217901,-111.934400
49,057,201400,3,1391,+41.214779,-111.942840
49,057,201500,1,1032,+41.208499,-111.944015
49,057,201500,2,1477,+41.203588,-111.940719
49,057,201500,3,893,+41.190105,-111.943577
49,057,201500,4,652,+41.184731,-111.935651
49,057,201600,1,755,+41.201589,-111.955236
49,057,201600,2,1212,+41.202292,-111.951100
49,057,201600,3,1457,+41.192220,-111.952306
49,057,201600,4,636,+41.194617,-111.956995
49,057,201700,1,1749,+41.206666,-111.962136
49,057,201700,2,1425,+41.201340,-111.964845
49,057,201800,1,1000,+41.203365,-111.976357
49,057,201800,2,1145,+41.203063,-111.970530
49,057,201900,1,1382,+41.220054,-111.997964
49,057,202000,1,1641,+41.179450,-111.950350
49,057,202000,2,1698,+41.167081,-111.931159
49,057,202000,3,2170,+41.174551,-111.941005
49,057,210100,1,3520,+41.304605,-111.788133
49,057,210100,2,2362,+41.305234,-111.874624
49,057,210100,3,1060,+41.269024,-111.778020
49,057,210201,1,2242,+41.321654,-111.952387
49,057,210201,2,1110,+41.317376,-111.962588
49,057,210201,3,1043,+41.313068,-111.951747
49,057,210203,1,1361,+41.312716,-111.941809
49,057,210203,2,1334,+41.308601,-111.959358
49,057,210204,1,2145,+41.301579,-111.954524
49,057,210204,2,2257,+41.292054,-111.959949
49,057,210302,1,710,+41.273940,-111.977853
49,057,210302,2,3198,+41.299945,-111.982972
49,057,210302,3,3086,+41.286808,-111.981962
49,057,210302,4,870,+41.299760,-112.001946
49,057,210303,1,2696,+41.323665,-111.970518
49,057,210303,2,1528,+41.326875,-111.982397
49,057,210303,3,1461,+41.329398,-111.989641
49,057,210303,4,1274,+41.329099,-112.003715
49,057,210304,1,2414,+41.316344,-112.007571
49,057,210304,2,1138,+41.311450,-111.982160
49,057,210402,1,3610,+41.315867,-112.040456
49,057,210402,2,3130,+41.267865,-112.007740
49,057,210403,1,1437,+41.277200,-112.125822
49,057,210403,2,897,+41.315684,-112.062125
49,057,210403,3,1677,+41.295539,-112.088990
49,057,210403,4,2130,+41.284170,-112.047379
49,057,210403,5,1480,+41.299179,-112.068406
49,057,210404,1,957,+41.256035,-112.083759
49,057,210404,2,1205,+41.266501,-112.049291
49,057,210504,1,2569,+41.180505,-112.123633
49,057,210504,2,2523,+41.163889,-112.129079
49,057,210504,3,3616,+41.172584,-112.092643
49,057,210505,1,2015,+41.229922,-112.073979
49,057,210505,2,1933,+41.226348,-112.025518
49,057,210505,3,3421,+41.204026,-112.076295
49,057,210506,1,4946,+41.183111,-112.067974
49,057,210506,2,2663,+41.195291,-112.037207
49,057,210506,3,2770,+41.182916,-112.051026
49,057,210508,1,2213,+41.169505,-112.060054
49,057,210509,1,2935,+41.171294,-112.077727
49,057,210509,2,1691,+41.167934,-112.071047
49,057,210510,1,2088,+41.156590,-112.074519
49,057,210510,2,1444,+41.161726,-112.075316
49,057,210511,1,2318,+41.188106,-112.000362
49,057,210511,2,1591,+41.190153,-111.994434
49,057,210512,1,1743,+41.167012,-112.011385
49,057,210512,2,1416,+41.182657,-112.006850
49,057,210512,3,1382,+41.174081,-111.992620
49,057,210600,1,1461,+41.193298,-112.027946
49,057,210600,2,1394,+41.185660,-112.034710
49,057,210600,3,1619,+41.179470,-112.022304
49,057,210600,4,1169,+41.179971,-112.030899
49,057,210600,5,1000,+41.179258,-112.041092
49,057,210701,1,1862,+41.172849,-112.027777
49,057,210701,2,602,+41.165369,-112.028812
49,057,210701,3,1478,+41.165121,-112.035956
49,057,210701,4,1400,+41.172835,-112.039850
49,057,210703,1,1276,+41.172359,-112.050238
49,057,210703,2,1301,+41.164826,-112.048505
49,057,210704,1,985,+41.157103,-112.030450
49,057,210704,2,906,+41.157277,-112.035941
49,057,210704,3,1330,+41.156924,-112.042726
49,057,210704,4,1680,+41.157033,-112.049489
49,057,210704,5,1127,+41.157787,-112.058973
49,057,210800,1,1171,+41.191960,-111.974733
49,057,210800,2,1014,+41.194682,-111.967210
49,057,210800,3,1062,+41.193487,-111.961339
49,057,210900,1,1350,+41.186017,-111.964454
49,057,210900,2,1406,+41.182045,-111.958715
49,057,210900,3,1449,+41.167226,-111.954197
49,057,210900,4,950,+41.176694,-111.965238
49,057,210900,5,1161,+41.171889,-111.953653
49,057,211000,1,1663,+41.181119,-111.975558
49,057,211000,2,1410,+41.178253,-111.982685
49,057,211100,1,1862,+41.174275,-111.980182
49,057,211100,2,582,+41.169072,-111.974083
49,057,211100,3,1091,+41.161852,-111.978718
49,057,211100,4,1100,+41.168088,-111.979556
49,057,211100,5,1150,+41.169502,-111.986882
49,057,211201,1,872,+41.153621,-111.904553
49,057,211201,2,1085,+41.151862,-111.920666
49,057,211201,3,2495,+41.157145,-111.932771
49,057,211202,1,823,+41.164742,-111.962996
49,057,211202,2,4532,+41.156099,-111.950848
49,057,211202,3,1176,+41.142366,-111.935839
