STATEFP,COUNTYFP,TRACTCE,BLKGRPCE,POPULATION,LATITUDE,LONGITUDE
15,001,020100,1,1909,+19.812545,-155.105956
15,001,020100,2,1010,+19.873445,-155.126004
15,001,020100,3,925,+19.831219,-155.099451
15,001,020100,4,1369,+19.788759,-155.095583
15,001,020202,1,1344,+19.669163,-155.185944
15,001,020202,2,1224,+19.742886,-155.098528
15,001,020300,1,992,+19.717289,-155.118004
15,001,020300,2,1315,+19.729422,-155.089863
15,001,020300,3,1627,+19.720237,-155.092858
15,001,020400,1,791,+19.717148,-155.080998
15,001,020400,2,339,+19.717176,-155.085404
15,001,020400,3,1296,+19.710694,-155.087567
15,001,020400,4,868,+19.711956,-155.091767
15,001,020500,1,938,+19.713786,-155.070923
15,001,020500,2,754,+19.709464,-155.069235
15,001,020500,3,687,+19.707861,-155.074755
15,001,020500,4,1207,+19.699380,-155.071689
15,001,020500,5,2338,+19.702736,-155.081537
15,001,020600,1,709,+19.732712,-155.033324
15,001,020600,2,1326,+19.695306,-155.044638
15,001,020600,3,1086,+19.727641,-155.043434
15,001,020600,4,2270,+19.686899,-155.061040
15,001,020701,1,1951,+19.689165,-155.073494
15,001,020701,2,1365,+19.680032,-155.070784
15,001,020701,3,1191,+19.688766,-155.084811
15,001,020702,1,1531,+19.677068,-155.102070
15,001,020702,2,2036,+19.679049,-155.092515
15,001,020702,3,1294,+19.676739,-155.085012
15,001,020801,1,2739,+19.682331,-155.151799
15,001,020801,2,1571,+19.685708,-155.098609
15,001,020802,1,1051,+19.713139,-155.114147
15,001,020802,2,2396,+19.705313,-155.105318
15,001,020802,3,618,+19.701164,-155.116971
15,001,020802,4,2131,+19.702028,-155.124395
15,001,020900,1,736,+19.663190,-155.075783
15,001,020900,2,1181,+19.668464,-155.086538
15,001,020900,3,2812,+19.657423,-155.112143
15,001,021003,1,1770,+19.540556,-154.996640
15,001,021003,2,1631,+19.565762,-155.011468
15,001,021003,3,2990,+19.523913,-154.991540
15,001,021005,1,1985,+19.582576,-154.951643
15,001,021005,2,2453,+19.573484,-154.993962
15,001,021005,3,3946,+19.594630,-154.973908
15,001,021005,4,2628,+19.558535,-154.972501
15,001,021010,1,2609,+19.450336,-155.175630
15,001,021010,2,2916,+19.509260,-155.087573
15,001,021010,3,2359,+19.538874,-155.050150
15,001,021011,1,2229,+19.501304,-155.202603
15,001,021011,2,1780,+19.564910,-155.124716
15,001,021013,1,1200,+19.617705,-155.028153
15,001,021013,2,1617,+19.592244,-155.074628
15,001,021013,3,2153,+19.593627,-155.047175
15,001,021101,1,2954,+19.445336,-154.921846
15,001,021101,2,577,+19.489420,-154.837912
15,001,021106,1,1274,+19.448157,-154.979121
15,001,021106,2,1800,+19.537319,-154.899484
15,001,021106,3,2710,+19.548259,-154.921954
15,001,021106,4,1745,+19.500559,-154.912515
15,001,021202,1,1565,+19.223659,-155.463986
15,001,021202,2,4234,+19.109072,-155.760137
15,001,021202,3,1658,+19.050089,-155.689372
15,001,021202,4,994,+19.062354,-155.585314
15,001,021300,1,2555,+19.324969,-155.882115
15,001,021300,2,2181,+19.459472,-155.870375
15,001,021300,3,1236,+19.474049,-155.898957
15,001,021402,1,1368,+19.512735,-155.926702
15,001,021402,2,930,+19.532077,-155.899345
15,001,021402,3,1727,+19.496797,-155.911769
15,001,021502,1,2803,+19.707493,-155.941885
15,001,021502,2,2041,+19.595440,-155.921478
15,001,021504,1,2634,+19.673099,-155.984335
15,001,021504,2,1331,+19.671528,-155.995388
15,001,021507,1,3771,+19.743530,-155.990399
15,001,021507,2,1519,+19.721433,-156.000435
15,001,021507,3,3213,+19.712052,-155.999752
15,001,021509,1,1557,+19.550288,-155.944568
15,001,021509,2,2012,+19.586047,-155.964960
15,001,021509,3,1585,+19.572155,-155.943994
15,001,021601,1,1469,+19.664076,-155.974627
15,001,021601,2,2005,+19.631063,-155.980432
15,001,021601,3,1713,+19.638069,-155.971461
15,001,021601,4,739,+19.630956,-155.987577
15,001,021601,5,1896,+19.641819,-155.987182
15,001,021604,1,382,+19.617543,-155.983930
15,001,021604,2,2605,+19.616810,-155.978175
15,001,021604,3,808,+19.608519,-155.973816
15,001,021604,4,2386,+19.613244,-155.961242
15,001,021604,5,1406,+19.606279,-155.966476
15,001,021702,1,3533,+20.025534,-155.687314
15,001,021702,2,2612,+20.041076,-155.623826
15,001,021702,3,3395,+20.017636,-155.630911
15,001,021704,1,1080,+19.968360,-155.833555
15,001,021704,2,2187,+19.971228,-155.785787
15,001,021704,3,2783,+19.936712,-155.799585
15,001,021704,4,2037,+19.940719,-155.786711
15,001,021800,1,1262,+20.238785,-155.829756
15,001,021800,2,2096,+20.154507,-155.835776
15,001,021800,3,1736,+20.232694,-155.803216
15,001,021800,4,1228,+20.214054,-155.779745
15,001,021902,1,1680,+20.081031,-155.515598
15,001,021902,2,833,+20.077982,-155.469261
15,001,021902,3,1412,+20.071910,-155.459169
15,001,022000,1,1414,+20.026230,-155.415032
15,001,022000,2,1174,+20.058351,-155.397601
15,001,022102,1,1015,+19.963459,-155.221922
15,001,022102,2,1026,+19.976822,-155.231416
15,001,990000,0,0,+19.279104,-155.940306
15,001,990100,0,0,+19.086737,-155.499655
15,001,990300,0,0,+19.397459,-154.880353
15,001,990400,0,0,+19.569749,-154.836398
15,001,990500,0,0,+19.673087,-154.943555
15,001,990600,0,0,+19.757294,-155.000178
15,001,990700,0,0,+19.770868,-155.040008
15,001,990800,0,0,+19.853354,-155.067545
15,001,990900,0,0,+19.984700,-155.179297
15,001,991000,0,0,+20.084025,-155.347949
15,001,991100,0,0,+20.164372,-155.564721
15,001,991200,0,0,+20.210627,-155.926856
15,001,991300,0,0,+19.963800,-155.906320
15,001,991400,0,0,+19.680852,-156.070961
15,001,991500,0,0,+19.610853,-156.020163
15,001,991600,0,0,+19.567269,-156.001243
15,001,991700,0,0,+19.502883,-155.985814
15,003,000106,1,1495,+21.303659,-157.715228
15,003,000106,2,3040,+21.304891,-157.707445
15,003,000106,3,1682,+21.305129,-157.700091
15,003,000106,4,1487,+21.297836,-157.709079
15,003,000107,1,1525,+21.305572,-157.687244
15,003,000107,2,858,+21.298257,-157.693099
15,003,000107,3,435,+21.296546,-157.697462
15,003,000108,1,2150,+21.289257,-157.714146
15,003,000108,2,1114,+21.286907,-157.706485
15,003,000110,1,956,+21.300275,-157.672837
15,003,000110,2,1422,+21.294483,-157.670289
15,003,000110,3,1910,+21.305775,-157.670074
15,003,000111,1,2162,+21.304149,-157.683235
15,003,000111,2,2399,+21.291806,-157.691194
15,003,000111,3,474,+21.300049,-157.679496
15,003,000112,1,1091,+21.276950,-157.700299
15,003,000112,2,2546,+21.284974,-157.700678
15,003,000112,3,1918,+21.283023,-157.696194
15,003,000114,1,1594,+21.270570,-157.706340
15,003,000200,1,1066,+21.303328,-157.729000
15,003,000200,2,698,+21.298181,-157.738618
15,003,000200,3,973,+21.301070,-157.723038
15,003,000200,4,1538,+21.284346,-157.736811
15,003,000200,5,1467,+21.286156,-157.725217
15,003,000301,1,1081,+21.297425,-157.753070
15,003,000301,2,2226,+21.293430,-157.746595
15,003,000302,1,1245,+21.290714,-157.757010
15,003,000302,2,603,+21.277208,-157.752798
15,003,000302,3,1142,+21.280738,-157.754569
15,003,000401,1,2893,+21.297748,-157.772601
15,003,000402,1,2040,+21.285543,-157.762636
15,003,000402,2,1959,+21.284520,-157.767346
15,003,000500,1,638,+21.272675,-157.781889
15,003,000500,2,560,+21.273884,-157.787261
15,003,000500,3,917,+21.263537,-157.788652
15,003,000500,4,720,+21.274910,-157.775003
15,003,000500,5,972,+21.268198,-157.784264
15,003,000600,1,0,+21.262671,-157.806593
15,003,000600,2,1218,+21.260264,-157.795198
15,003,000700,1,1467,+21.269550,-157.793456
15,003,000700,2,890,+21.272326,-157.791175
15,003,000700,3,609,+21.276899,-157.789985
15,003,000800,1,1164,+21.278751,-157.795197
15,003,000800,2,949,+21.274023,-157.795995
15,003,000800,3,1190,+21.275798,-157.799473
15,003,000800,4,468,+21.272953,-157.803031
15,003,000901,1,1048,+21.289411,-157.783974
15,003,000901,2,1688,+21.279397,-157.785407
15,003,000902,1,2920,+21.289744,-157.789550
15,003,000902,2,1168,+21.292282,-157.792599
15,003,000903,1,1403,+21.281738,-157.791578
15,003,000903,2,1455,+21.283877,-157.796008
15,003,001000,1,1298,+21.315805,-157.784184
15,003,001000,2,1798,+21.302334,-157.786050
15,003,001100,1,1921,+21.300954,-157.792278
15,003,001100,2,1941,+21.303542,-157.793029
15,003,001201,1,1151,+21.286211,-157.804277
15,003,001201,2,1773,+21.287979,-157.800179
15,003,001202,1,1985,+21.293934,-157.800393
15,003,001202,2,1045,+21.292119,-157.798293
15,003,001300,1,947,+21.284290,-157.810403
15,003,001300,2,1411,+21.280719,-157.804105
15,003,001300,3,985,+21.286934,-157.809956
15,003,001300,4,864,+21.283265,-157.802967
15,003,001400,1,1187,+21.275864,-157.804938
15,003,001400,2,1363,+21.278516,-157.807789
15,003,001500,1,1359,+21.281858,-157.812184
15,003,001500,2,923,+21.278040,-157.811584
15,003,001500,3,1245,+21.274505,-157.810109
15,003,001600,1,1774,+21.271098,-157.808150
15,003,001600,2,1307,+21.273889,-157.813282
15,003,001600,3,702,+21.272154,-157.814688
15,003,001700,1,1039,+21.264060,-157.820296
15,003,001700,2,1398,+21.264852,-157.814429
15,003,001801,1,1056,+21.275807,-157.823612
15,003,001801,2,661,+21.272570,-157.821382
15,003,001803,1,1617,+21.277187,-157.821884
15,003,001803,2,790,+21.275911,-157.821170
15,003,001803,3,953,+21.277245,-157.822971
15,003,001804,1,1849,+21.274617,-157.819362
15,003,001901,1,837,+21.283363,-157.836239
15,003,001903,1,1916,+21.287503,-157.835376
15,003,001903,2,854,+21.286019,-157.834385
15,003,001904,1,2397,+21.285775,-157.836786
15,003,001904,2,1515,+21.286987,-157.838410
15,003,002003,1,1126,+21.280462,-157.825814
15,003,002003,2,1351,+21.281497,-157.826916
15,003,002004,1,1398,+21.279026,-157.824241
15,003,002005,1,1149,+21.287111,-157.833023
15,003,002005,2,1240,+21.285368,-157.831557
15,003,002006,1,1799,+21.282877,-157.828657
15,003,002006,2,565,+21.284048,-157.829997
15,003,002100,1,1739,+21.285942,-157.815906
15,003,002100,2,2125,+21.282025,-157.815918
15,003,002201,1,1525,+21.285200,-157.823487
15,003,002201,2,2159,+21.286894,-157.820738
15,003,002202,1,314,+21.286302,-157.828631
15,003,002202,2,3086,+21.286939,-157.826966
15,003,002300,1,1165,+21.288789,-157.820923
15,003,002300,2,827,+21.289344,-157.817838
15,003,002300,3,850,+21.290073,-157.824410
15,003,002300,4,1446,+21.289101,-157.823615
15,003,002300,5,1235,+21.290072,-157.821291
15,003,002401,1,956,+21.288892,-157.827193
15,003,002401,2,1273,+21.290255,-157.830641
15,003,002401,3,867,+21.289784,-157.828519
15,003,002402,1,1596,+21.292643,-157.829411
15,003,002402,2,1632,+21.291618,-157.826328
15,003,002500,1,1794,+21.291984,-157.832510
15,003,002500,2,2121,+21.293233,-157.835183
15,003,002600,1,874,+21.292608,-157.821129
15,003,002600,2,871,+21.295503,-157.827247
15,003,002600,3,1199,+21.298568,-157.832264
15,003,002600,4,1305,+21.297126,-157.833361
15,003,002701,1,1182,+21.302581,-157.814725
15,003,002701,2,2835,+21.294589,-157.816534
15,003,002701,3,1076,+21.291255,-157.814380
15,003,002702,1,2136,+21.300874,-157.823870
15,003,002702,2,1267,+21.299290,-157.828848
15,003,002702,3,1654,+21.301318,-157.832313
15,003,002800,1,1519,+21.293698,-157.805257
15,003,002800,2,2159,+21.298726,-157.805152
15,003,002900,1,2415,+21.307325,-157.807444
15,003,003000,1,1013,+21.311667,-157.815969
15,003,003000,2,1081,+21.305872,-157.820299
15,003,003000,3,1049,+21.310686,-157.812322
15,003,003000,4,1178,+21.308094,-157.825870
15,003,003101,1,1541,+21.316216,-157.800502
15,003,003101,2,2146,+21.314873,-157.799911
15,003,003102,1,2329,+21.328124,-157.804109
15,003,003102,2,1006,+21.319580,-157.805454
15,003,003200,1,833,+21.319667,-157.823485
15,003,003300,1,1132,+21.312152,-157.834472
15,003,003403,1,1618,+21.308332,-157.842992
15,003,003403,2,1202,+21.306095,-157.843664
15,003,003403,3,1287,+21.307456,-157.846505
15,003,003403,4,1423,+21.305946,-157.846465
15,003,003404,1,1778,+21.307815,-157.837286
15,003,003404,2,1864,+21.306414,-157.836453
15,003,003404,3,1074,+21.308001,-157.839643
15,003,003405,1,1893,+21.304587,-157.832538
15,003,003405,2,1357,+21.305461,-157.834419
15,003,003406,1,1023,+21.304893,-157.842349
15,003,003406,2,1997,+21.304625,-157.840027
15,003,003406,3,1547,+21.303921,-157.838247
15,003,003406,4,1210,+21.306174,-157.840927
15,003,003407,1,913,+21.302553,-157.834554
15,003,003501,1,819,+21.302642,-157.843791
15,003,003501,2,1463,+21.303788,-157.846565
15,003,003502,1,1010,+21.300495,-157.836099
15,003,003502,2,1461,+21.301772,-157.840971
15,003,003502,3,1405,+21.299038,-157.837655
15,003,003601,1,1176,+21.298616,-157.843862
15,003,003601,2,2933,+21.296254,-157.845854
15,003,003603,1,1016,+21.296084,-157.839837
15,003,003603,2,1791,+21.295604,-157.837852
15,003,003604,1,851,+21.291990,-157.837894
15,003,003604,2,1668,+21.293954,-157.840242
15,003,003700,1,529,+21.295559,-157.852254
15,003,003700,2,1676,+21.293092,-157.849504
15,003,003700,3,0,+21.293563,-157.851628
15,003,003700,4,224,+21.290987,-157.838830
15,003,003700,5,1496,+21.289131,-157.839212
15,003,003700,6,537,+21.293142,-157.848766
15,003,003700,7,1117,+21.294470,-157.850702
15,003,003800,1,2309,+21.301576,-157.855186
15,003,003800,2,655,+21.297974,-157.861936
15,003,003800,3,1006,+21.299188,-157.856882
15,003,003900,1,655,+21.303383,-157.859225
15,003,004000,1,768,+21.309868,-157.861393
15,003,004000,2,784,+21.307116,-157.862696
15,003,004100,1,1661,+21.308346,-157.849731
15,003,004100,2,2169,+21.307270,-157.852289
15,003,004100,3,674,+21.305784,-157.850090
15,003,004200,1,1081,+21.314338,-157.856276
15,003,004200,2,2351,+21.311766,-157.858627
15,003,004300,1,2158,+21.316457,-157.850890
15,003,004300,2,2304,+21.312984,-157.847269
15,003,004300,3,1129,+21.317337,-157.853598
15,003,004400,1,2660,+21.322044,-157.834620
15,003,004400,2,2505,+21.320636,-157.843468
15,003,004500,1,1490,+21.341510,-157.823445
15,003,004500,2,1274,+21.335575,-157.837103
15,003,004500,3,933,+21.326374,-157.840647
15,003,004500,4,1448,+21.322593,-157.849194
15,003,004600,1,889,+21.349648,-157.824895
15,003,004600,2,1463,+21.333121,-157.845050
15,003,004600,3,1383,+21.335694,-157.847880
15,003,004700,1,711,+21.330659,-157.855906
15,003,004700,2,2173,+21.336443,-157.852670
15,003,004700,3,774,+21.327347,-157.850577
15,003,004700,4,895,+21.330253,-157.851917
15,003,004800,1,1066,+21.341712,-157.855894
15,003,004800,2,1411,+21.330804,-157.864029
15,003,004800,3,2500,+21.331373,-157.860711
15,003,004800,4,1730,+21.335714,-157.864205
15,003,004900,1,1096,+21.326901,-157.856294
15,003,004900,2,1117,+21.324219,-157.859849
15,003,004900,3,985,+21.326485,-157.858471
15,003,005000,1,889,+21.323762,-157.855418
15,003,005000,2,993,+21.322187,-157.852795
15,003,005000,3,1200,+21.320981,-157.857724
15,003,005000,4,967,+21.319297,-157.855637
15,003,005100,1,1627,+21.313613,-157.859620
15,003,005100,2,1463,+21.312957,-157.860267
15,003,005200,1,1078,+21.312272,-157.864179
15,003,005200,2,2215,+21.313111,-157.861982
15,003,005300,1,2424,+21.317371,-157.862322
15,003,005300,2,1212,+21.319022,-157.859944
15,003,005400,1,1637,+21.320018,-157.864083
15,003,005500,1,860,+21.322551,-157.862410
15,003,005500,2,1218,+21.322015,-157.865060
15,003,005600,1,2385,+21.325127,-157.867878
15,003,005600,2,941,+21.329643,-157.865826
15,003,005600,3,2354,+21.326635,-157.864605
15,003,005600,4,1069,+21.331156,-157.868282
15,003,005700,1,1047,+21.315275,-157.867411
15,003,005700,2,1101,+21.321700,-157.869007
15,003,005800,1,1390,+21.328097,-157.874745
15,003,005800,2,2050,+21.325556,-157.876197
15,003,005900,1,1920,+21.329299,-157.885576
15,003,005900,2,1433,+21.324184,-157.882985
15,003,006000,1,1127,+21.332783,-157.883706
15,003,006000,2,2318,+21.331091,-157.880296
15,003,006000,3,1976,+21.329405,-157.878513
15,003,006100,1,2227,+21.336427,-157.873259
15,003,006100,2,1948,+21.333538,-157.876532
15,003,006201,1,2049,+21.341716,-157.878798
15,003,006201,2,2643,+21.338007,-157.878300
15,003,006201,3,585,+21.334875,-157.879331
15,003,006201,4,770,+21.340151,-157.876503
15,003,006202,1,1701,+21.338651,-157.875265
15,003,006301,1,1254,+21.346891,-157.864916
15,003,006301,2,1351,+21.344234,-157.874890
15,003,006301,3,1168,+21.341392,-157.872404
15,003,006302,1,2720,+21.349390,-157.866509
15,003,006401,1,2059,+21.340010,-157.869607
15,003,006402,1,1834,+21.346925,-157.855674
15,003,006402,2,2680,+21.347505,-157.859556
15,003,006402,3,1873,+21.343172,-157.865278
15,003,006500,1,1755,+21.359465,-157.852634
15,003,006500,2,2786,+21.360350,-157.840864
15,003,006600,1,374,+21.347113,-157.882386
15,003,006701,1,2108,+21.370248,-157.878074
15,003,006701,2,2047,+21.351340,-157.890047
15,003,006701,3,1675,+21.359126,-157.891875
15,003,006702,1,1989,+21.367016,-157.900757
15,003,006802,1,1984,+21.351837,-157.922855
15,003,006802,2,2179,+21.347539,-157.918907
15,003,006802,3,2679,+21.355538,-157.923326
15,003,006804,1,138,+21.362312,-157.919395
15,003,006804,2,1747,+21.360131,-157.913593
15,003,006804,3,950,+21.362205,-157.906824
15,003,006805,1,251,+21.352966,-157.916052
15,003,006805,2,1437,+21.350594,-157.899015
15,003,006805,3,4479,+21.348517,-157.904744
15,003,006806,1,1704,+21.349245,-157.915469
15,003,006808,1,1682,+21.346768,-157.911261
15,003,006808,2,1001,+21.345448,-157.903691
15,003,006808,3,1740,+21.345663,-157.908452
15,003,006809,1,2686,+21.344485,-157.910948
15,003,006809,2,2354,+21.344600,-157.905372
15,003,006900,1,3021,+21.341104,-157.904684
15,003,006900,2,802,+21.337827,-157.908076
15,003,007000,1,2249,+21.342005,-157.918867
15,003,007000,2,877,+21.348700,-157.927051
15,003,007000,3,915,+21.345252,-157.936211
15,003,007100,1,2713,+21.337966,-157.934625
15,003,007302,1,2281,+21.342877,-157.950131
15,003,007302,2,1585,+21.337392,-157.954941
15,003,007303,1,341,+21.334151,-157.939083
15,003,007400,1,3981,+21.358267,-157.947364
15,003,007502,1,1376,+21.373220,-157.901710
15,003,007503,1,3048,+21.381233,-157.917361
15,003,007503,2,2112,+21.377909,-157.915669
15,003,007504,1,1508,+21.365585,-157.934435
15,003,007504,2,1663,+21.368300,-157.933680
15,003,007505,1,2406,+21.363476,-157.921032
15,003,007505,2,1932,+21.365415,-157.924104
15,003,007505,3,1000,+21.368908,-157.924666
15,003,007506,1,933,+21.366660,-157.910333
15,003,007701,1,1356,+21.382151,-157.926783
15,003,007701,2,1819,+21.378809,-157.932146
15,003,007701,3,1065,+21.378953,-157.939239
15,003,007702,1,315,+21.382756,-157.934737
15,003,007702,2,2625,+21.391726,-157.913911
15,003,007702,3,2158,+21.386600,-157.923132
15,003,007804,1,1907,+21.400613,-157.958320
15,003,007805,1,2845,+21.397960,-157.955030
15,003,007805,2,2291,+21.395186,-157.954384
15,003,007807,1,440,+21.384778,-157.937714
15,003,007807,2,812,+21.385425,-157.935073
15,003,007807,3,1000,+21.384823,-157.936340
15,003,007807,4,1113,+21.388470,-157.943891
15,003,007807,5,927,+21.386857,-157.939976
15,003,007807,6,1113,+21.386516,-157.937513
15,003,007808,1,1501,+21.385994,-157.949617
15,003,007808,2,1845,+21.385616,-157.946100
15,003,007809,1,1220,+21.404279,-157.932385
15,003,007809,2,2157,+21.399355,-157.934636
15,003,007810,1,2194,+21.404610,-157.944258
15,003,007810,2,1172,+21.406524,-157.938204
15,003,007810,3,2084,+21.413226,-157.939889
15,003,007811,1,2575,+21.394357,-157.937597
15,003,007811,2,2415,+21.394860,-157.925936
15,003,008001,1,1286,+21.389682,-157.964236
15,003,008001,2,719,+21.392368,-157.974005
15,003,008002,1,1183,+21.391106,-157.959205
15,003,008002,2,1654,+21.397638,-157.966140
15,003,008003,1,2087,+21.401969,-157.977933
15,003,008003,2,2581,+21.398292,-157.975566
15,003,008005,1,2766,+21.428552,-157.949143
15,003,008005,2,2721,+21.423039,-157.952786
15,003,008005,3,1377,+21.421260,-157.961343
15,003,008006,1,2589,+21.410333,-157.968980
15,003,008006,2,2269,+21.406399,-157.967989
15,003,008007,1,2558,+21.410506,-157.957417
15,003,008007,2,2748,+21.404899,-157.961612
15,003,008301,1,0,+21.345637,-157.999812
15,003,008301,2,1287,+21.320781,-157.985993
15,003,008301,3,3374,+21.323541,-157.978601
15,003,008302,1,2142,+21.324947,-158.002395
15,003,008302,2,2209,+21.319752,-158.006421
15,003,008302,3,2398,+21.313991,-158.005978
15,003,008402,1,2659,+21.311104,-158.005895
15,003,008402,2,2630,+21.311735,-158.014748
15,003,008402,3,2917,+21.321612,-158.011514
15,003,008405,1,4664,+21.340713,-158.022037
15,003,008406,1,5997,+21.333212,-158.015680
15,003,008407,1,3325,+21.316294,-158.018281
15,003,008408,1,4104,+21.316980,-158.022835
15,003,008408,2,624,+21.314277,-158.033691
15,003,008410,1,2346,+21.329304,-158.025697
15,003,008411,1,1237,+21.332321,-158.036015
15,003,008411,2,2211,+21.334535,-158.026947
15,003,008412,1,4190,+21.341090,-158.027947
15,003,008412,2,2353,+21.338992,-158.032250
15,003,008502,1,2136,+21.323032,-158.064224
15,003,008606,1,2763,+21.344913,-158.067914
15,003,008606,2,3899,+21.338072,-158.068552
15,003,008606,3,1050,+21.352300,-158.058390
15,003,008606,4,1981,+21.336024,-158.060548
15,003,008609,1,1607,+21.340184,-158.108901
15,003,008609,2,459,+21.335920,-158.111515
15,003,008610,1,1051,+21.339320,-158.118851
15,003,008611,1,84,+21.355689,-158.104103
15,003,008612,1,6017,+21.361856,-158.089929
15,003,008613,1,904,+21.348796,-158.091371
15,003,008614,1,720,+21.363646,-158.080877
15,003,008614,2,503,+21.454909,-158.063120
15,003,008614,3,1359,+21.359643,-158.071563
15,003,008614,4,748,+21.360532,-158.081657
15,003,008614,5,1671,+21.360522,-158.084395
15,003,008614,6,1526,+21.351464,-158.082078
15,003,008614,7,1235,+21.373412,-158.088773
15,003,008614,8,0,+21.373901,-158.043293
15,003,008614,9,470,+21.367439,-158.030507
15,003,008617,1,1631,+21.342945,-158.037736
15,003,008617,2,1495,+21.338335,-158.044031
15,003,008617,3,3067,+21.356411,-158.025275
15,003,008617,4,2982,+21.347072,-158.030007
15,003,008617,5,189,+21.351395,-158.026165
15,003,008622,1,770,+21.341113,-158.083069
15,003,008622,2,2372,+21.346559,-158.085387
15,003,008622,3,926,+21.344063,-158.087882
15,003,008701,1,2968,+21.393644,-157.993441
15,003,008701,2,610,+21.392359,-157.981892
15,003,008701,3,2338,+21.384240,-157.997278
15,003,008701,4,2871,+21.390132,-157.998071
15,003,008702,1,3481,+21.388386,-158.002995
15,003,008702,2,2112,+21.382008,-158.004720
15,003,008703,1,2229,+21.369601,-158.023382
15,003,008703,2,1996,+21.379300,-158.015123
15,003,008703,3,1280,+21.378289,-158.017609
15,003,008703,4,1332,+21.384182,-158.014181
15,003,008800,1,1845,+21.392718,-158.005344
15,003,008800,2,2253,+21.391496,-158.009074
15,003,008800,3,2259,+21.387431,-158.015211
15,003,008800,4,1697,+21.396287,-158.005994
15,003,008906,1,993,+21.453702,-158.023183
15,003,008906,2,906,+21.446303,-158.015617
15,003,008906,3,1872,+21.451949,-158.018842
15,003,008907,1,1515,+21.462185,-158.010858
15,003,008907,2,1178,+21.456053,-158.012478
15,003,008907,3,830,+21.458765,-158.016273
15,003,008907,4,709,+21.457933,-158.009321
15,003,008908,1,2044,+21.433530,-158.023821
15,003,008908,2,1075,+21.431708,-158.017905
15,003,008908,3,2718,+21.442493,-158.023518
15,003,008909,1,2794,+21.441655,-158.017617
15,003,008909,2,1012,+21.435610,-158.019282
15,003,008912,1,2570,+21.395653,-158.000522
15,003,008913,1,2331,+21.385795,-158.022216
15,003,008913,2,1785,+21.383726,-158.027365
15,003,008914,1,3133,+21.381927,-158.019761
15,003,008914,2,1965,+21.379512,-158.026268
15,003,008915,1,2850,+21.465607,-158.013701
15,003,008915,2,2386,+21.470056,-158.020284
15,003,008917,1,2152,+21.459743,-158.002511
15,003,008917,2,2402,+21.452654,-158.005446
15,003,008918,1,2102,+21.447377,-158.011126
15,003,008918,2,847,+21.433066,-158.010763
15,003,008918,3,818,+21.441037,-158.011559
15,003,008918,4,1662,+21.443057,-158.006929
15,003,008920,1,1384,+21.423243,-158.000061
15,003,008920,2,1079,+21.415210,-157.995397
15,003,008920,3,677,+21.412012,-157.993046
15,003,008920,4,1156,+21.419283,-157.997058
15,003,008921,1,2668,+21.405531,-157.993086
15,003,008922,1,1920,+21.408678,-158.004561
15,003,008922,2,1605,+21.404321,-158.005315
15,003,008922,3,1631,+21.401558,-157.998781
15,003,008922,4,2323,+21.397733,-158.013021
15,003,008923,1,2895,+21.417935,-158.001009
15,003,008923,2,1011,+21.413156,-157.998352
15,003,008923,3,831,+21.409815,-157.996645
15,003,008924,1,3391,+21.402722,-158.031017
15,003,008924,2,2074,+21.398298,-158.023246
15,003,008924,3,2158,+21.393295,-158.022411
15,003,008925,1,3536,+21.394055,-158.031599
15,003,008925,2,1838,+21.393088,-158.026650
15,003,008925,3,1528,+21.387765,-158.030710
15,003,008926,1,1572,+21.482264,-158.006029
15,003,008927,1,5180,+21.476319,-158.004531
15,003,008928,1,3884,+21.480391,-157.988740
15,003,008929,1,2232,+21.472628,-158.000809
15,003,008929,2,2604,+21.473110,-157.995593
15,003,008930,1,2560,+21.468575,-157.994511
15,003,008931,1,3033,+21.479264,-157.981216
15,003,008931,2,277,+21.440597,-157.946262
15,003,009000,1,1634,+21.479174,-158.031309
15,003,009100,1,3303,+21.511666,-158.020504
15,003,009100,2,2029,+21.513559,-158.023058
15,003,009200,1,2584,+21.506617,-158.006425
15,003,009200,2,3281,+21.505233,-157.998464
15,003,009200,3,2098,+21.500331,-158.016662
15,003,009300,1,1577,+21.496026,-158.022852
15,003,009300,2,728,+21.494654,-158.027147
15,003,009300,3,932,+21.502961,-158.022157
15,003,009300,4,1525,+21.500771,-158.026476
15,003,009400,1,1536,+21.493783,-158.031260
15,003,009400,2,1411,+21.494697,-158.041794
15,003,009400,3,1090,+21.496907,-158.032556
15,003,009400,4,1118,+21.490307,-158.035790
15,003,009501,1,1685,+21.490093,-158.077488
15,003,009501,2,3208,+21.488598,-158.066693
15,003,009502,1,1147,+21.495664,-158.074643
15,003,009502,2,3096,+21.494779,-158.067126
15,003,009503,1,3403,+21.490010,-158.055310
15,003,009504,1,1271,+21.491806,-158.048490
15,003,009507,1,1665,+21.501672,-158.064044
15,003,009507,2,895,+21.499171,-158.065058
15,003,009603,1,1100,+21.407377,-158.169199
15,003,009603,2,3069,+21.408941,-158.163111
15,003,009603,3,1201,+21.425935,-158.176038
15,003,009603,4,2045,+21.419597,-158.175150
15,003,009603,5,1842,+21.407479,-158.173763
15,003,009603,6,1032,+21.413638,-158.175665
15,003,009608,1,2727,+21.395887,-158.150777
15,003,009608,2,2955,+21.397318,-158.158094
15,003,009701,1,1730,+21.460202,-158.176488
15,003,009701,2,1494,+21.446148,-158.185001
15,003,009701,3,3411,+21.453273,-158.194782
15,003,009703,1,2952,+21.438665,-158.182643
15,003,009703,2,2409,+21.457432,-158.163814
15,003,009703,3,866,+21.447635,-158.175865
15,003,009704,1,3066,+21.443229,-158.165751
15,003,009801,1,1817,+21.480708,-158.210784
15,003,009801,2,1017,+21.486128,-158.219928
15,003,009802,1,2764,+21.467814,-158.214142
15,003,009802,2,2084,+21.471590,-158.212633
15,003,009802,3,1538,+21.464340,-158.206017
15,003,009902,1,648,+21.585245,-158.110246
15,003,009902,2,1084,+21.575469,-158.109504
15,003,009902,3,1131,+21.570802,-158.113004
15,003,009902,4,877,+21.588548,-158.107256
15,003,009904,1,2235,+21.573888,-158.152821
15,003,009904,2,46,+21.580008,-158.204353
15,003,009904,3,1189,+21.566920,-158.126319
15,003,009904,4,1021,+21.568520,-158.120492
15,003,009904,5,1495,+21.579891,-158.127484
15,003,010000,1,872,+21.609976,-158.080423
15,003,010000,2,2448,+21.537989,-158.024495
15,003,010100,1,2222,+21.673399,-158.038794
15,003,010100,2,2452,+21.646051,-158.049068
15,003,010100,3,916,+21.686308,-157.979275
15,003,010100,4,2291,+21.675287,-157.952525
15,003,010201,1,1702,+21.575914,-157.887961
15,003,010201,2,1379,+21.552371,-157.852920
15,003,010201,3,2801,+21.607706,-157.909696
15,003,010202,1,2427,+21.636993,-157.920918
15,003,010202,2,2329,+21.646938,-157.924914
15,003,010202,3,777,+21.622556,-157.921500
15,003,010202,4,2110,+21.648601,-157.928886
15,003,010303,1,2016,+21.449148,-157.850412
15,003,010303,2,1044,+21.498462,-157.855903
15,003,010303,3,1706,+21.465309,-157.847680
15,003,010305,1,2079,+21.452803,-157.828026
15,003,010305,2,1885,+21.439427,-157.840053
15,003,010305,3,1099,+21.446986,-157.835967
15,003,010306,1,907,+21.419063,-157.821726
15,003,010306,2,2037,+21.437943,-157.834478
15,003,010306,3,665,+21.426168,-157.814979
15,003,010306,4,922,+21.430387,-157.836699
15,003,010306,5,1838,+21.438294,-157.825313
15,003,010308,1,1022,+21.407094,-157.804053
15,003,010308,2,554,+21.402070,-157.809678
15,003,010308,3,1743,+21.397868,-157.805831
15,003,010503,1,901,+21.412997,-157.806260
15,003,010503,2,1079,+21.411371,-157.803706
15,003,010504,1,2068,+21.417751,-157.797922
15,003,010504,2,1627,+21.414394,-157.789207
15,003,010504,3,1420,+21.413477,-157.795346
15,003,010505,1,995,+21.430135,-157.810242
15,003,010505,2,1736,+21.421108,-157.809683
15,003,010505,3,800,+21.424405,-157.802061
15,003,010507,1,2926,+21.411206,-157.814283
15,003,010507,2,2495,+21.416586,-157.809263
15,003,010508,1,840,+21.422004,-157.791171
15,003,010508,2,1729,+21.422597,-157.796557
15,003,010601,1,1161,+21.409038,-157.791381
15,003,010601,2,1496,+21.406848,-157.797371
15,003,010601,3,765,+21.405884,-157.800643
15,003,010602,1,1504,+21.397993,-157.800635
15,003,010602,2,1667,+21.399138,-157.794855
15,003,010602,3,2278,+21.390276,-157.799104
15,003,010701,1,2318,+21.416150,-157.767142
15,003,010701,2,1343,+21.406213,-157.774316
15,003,010702,1,2280,+21.401226,-157.788519
15,003,010702,2,1386,+21.393731,-157.783805
15,003,010801,1,1045,+21.442634,-157.757145
15,003,010801,2,1924,+21.447861,-157.754281
15,003,010802,1,5882,+21.444688,-157.742782
15,003,010802,2,369,+21.436866,-157.745348
15,003,010802,3,297,+21.454221,-157.730654
15,003,010901,1,923,+21.426317,-157.748353
15,003,010901,2,2217,+21.418709,-157.753173
15,003,010903,1,2316,+21.402824,-157.751665
15,003,010903,2,1817,+21.395863,-157.747234
15,003,010904,1,1751,+21.410569,-157.749566
15,003,010904,2,1819,+21.405006,-157.747514
15,003,010905,1,2513,+21.399381,-157.744098
15,003,011000,1,1614,+21.378343,-157.756118
15,003,011000,2,2142,+21.366711,-157.770116
15,003,011000,3,395,+21.379088,-157.747808
15,003,011103,1,2702,+21.376125,-157.740332
15,003,011103,2,1094,+21.382639,-157.751353
15,003,011104,1,1131,+21.380593,-157.732943
15,003,011104,2,2509,+21.376026,-157.734674
15,003,011104,3,1220,+21.386206,-157.730692
15,003,011105,1,784,+21.394096,-157.732888
15,003,011105,2,1711,+21.390040,-157.735901
15,003,011105,3,710,+21.391654,-157.739318
15,003,011106,1,1242,+21.361244,-157.733218
15,003,011106,2,1371,+21.375974,-157.724679
15,003,011106,3,1273,+21.383604,-157.723652
15,003,011106,4,2038,+21.372078,-157.726077
15,003,011201,1,753,+21.393803,-157.724707
15,003,011201,2,1069,+21.402457,-157.740315
15,003,011201,3,862,+21.397609,-157.734075
15,003,011201,4,754,+21.409303,-157.744024
15,003,011201,5,942,+21.422829,-157.743064
15,003,011202,1,1609,+21.387098,-157.714854
15,003,011300,1,891,+21.337957,-157.732747
15,003,011300,2,2354,+21.345443,-157.716532
15,003,011300,3,583,+21.350616,-157.721727
15,003,011300,4,1623,+21.346703,-157.728561
15,003,011400,1,82,+21.369781,-157.991704
15,003,011400,2,925,+21.377080,-157.969770
15,003,011400,3,4365,+21.383561,-157.979014
15,003,011500,1,245,+21.329856,-158.078069
15,003,011500,2,2178,+21.330046,-158.060006
15,003,011500,3,3070,+21.332327,-158.065900
15,003,940001,1,2280,+21.327655,-157.693903
15,003,940001,2,2271,+21.332895,-157.696102
15,003,940002,1,1307,+21.375743,-158.134934
15,003,940002,2,1578,+21.382315,-158.138617
15,003,940002,3,2319,+21.388645,-158.135484
15,003,940002,4,2196,+21.388088,-158.146060
15,003,980000,1,5,+21.267098,-157.698462
15,003,980200,1,704,+21.325399,-157.917405
15,003,980300,1,0,+21.307104,-158.109462
15,003,980600,1,0,+21.495876,-158.107220
15,003,980700,1,0,+21.499692,-157.950631
15,003,980800,1,1,+21.384597,-157.794385
15,003,981000,1,13,+21.394801,-157.758256
15,003,981100,1,19,+21.370457,-157.712033
15,003,981200,1,0,+27.784598,-175.860040
15,003,981300,1,8,+21.341430,-157.897801
15,003,981400,1,97,+21.328614,-157.894593
15,003,990001,0,0,+21.410647,-157.690707
15,005,031900,1,90,+21.188495,-156.979972
15,005,990000,0,0,+21.229242,-156.955228
15,007,040103,1,2060,+22.199454,-159.407578
15,007,040103,2,2032,+22.209396,-159.404884
15,007,040103,3,1773,+22.221602,-159.475823
15,007,040103,4,619,+22.218632,-159.486433
15,007,040104,1,902,+22.207010,-159.546343
15,007,040104,2,442,+22.203782,-159.499353
15,007,040204,1,2851,+22.075677,-159.366349
15,007,040204,2,2196,+22.062509,-159.388056
15,007,040205,1,945,+22.056836,-159.336259
15,007,040205,2,1034,+22.049809,-159.364514
15,007,040205,3,616,+22.064873,-159.355516
15,007,040205,4,1250,+22.054639,-159.341235
15,007,040300,1,1345,+22.086947,-159.314987
15,007,040300,2,1282,+22.091222,-159.321304
15,007,040300,3,2777,+22.092066,-159.330894
15,007,040300,4,434,+22.066824,-159.319228
15,007,040300,5,274,+22.074807,-159.320363
15,007,040300,6,2273,+22.099244,-159.329022
15,007,040400,1,2172,+21.973150,-159.381642
15,007,040400,2,1429,+21.960864,-159.374542
15,007,040400,3,1942,+21.992565,-159.354187
15,007,040400,4,1304,+21.964716,-159.394212
15,007,040400,5,1893,+21.994691,-159.360012
15,007,040500,1,226,+21.971305,-159.355390
15,007,040500,2,1633,+21.975723,-159.362252
15,007,040500,3,1271,+21.982069,-159.370566
15,007,040500,4,1523,+21.967560,-159.362134
15,007,040500,5,1290,+21.967164,-159.367061
15,007,040603,1,384,+21.886242,-159.457783
15,007,040603,2,455,+21.874124,-159.448232
15,007,040603,3,1705,+21.904078,-159.461002
15,007,040604,1,150,+21.884158,-159.474865
15,007,040604,2,977,+21.905297,-159.484624
15,007,040604,3,2012,+21.922410,-159.489020
15,007,040700,1,1139,+21.934629,-159.507007
15,007,040700,2,1555,+21.913522,-159.517988
15,007,040700,3,1271,+21.922799,-159.530181
15,007,040700,4,1372,+21.929732,-159.523006
15,007,040700,5,2390,+21.910048,-159.580108
15,007,040700,6,676,+21.910871,-159.521511
15,007,040800,1,1480,+21.922505,-159.616686
15,007,040800,2,1637,+21.921493,-159.587656
15,007,040800,3,654,+21.909153,-159.589420
15,007,040900,1,579,+21.981385,-159.715189
15,007,040900,2,1151,+21.959901,-159.663820
15,007,040900,3,631,+21.959544,-159.671824
15,007,040900,4,802,+21.962849,-159.703835
15,007,040900,5,752,+21.967463,-159.711475
15,007,040900,6,1646,+21.973283,-159.723155
15,007,041200,1,170,+21.894996,-160.151913
15,007,041200,2,0,+21.655875,-160.548887
15,007,940000,1,2012,+22.127200,-159.339583
15,007,940000,2,1703,+22.139594,-159.304718
15,007,990100,0,0,+22.231343,-159.470251
15,007,990200,0,0,+21.861245,-160.266334
15,007,990300,0,0,+21.656409,-160.541071
15,009,030100,1,1293,+20.759460,-156.069787
15,009,030100,2,998,+20.765212,-155.992334
15,009,030201,1,1722,+20.896346,-156.255652
15,009,030201,2,731,+20.919739,-156.270759
15,009,030202,1,1251,+20.920585,-156.314107
15,009,030202,2,1711,+20.912945,-156.292402
15,009,030202,3,2399,+20.888046,-156.307782
15,009,030202,4,1639,+20.908962,-156.322712
15,009,030202,5,635,+20.926964,-156.295986
15,009,030301,1,2646,+20.763040,-156.347680
15,009,030301,2,2615,+20.779297,-156.310254
15,009,030301,3,1345,+20.758114,-156.320645
15,009,030301,4,1407,+20.708717,-156.335668
15,009,030303,1,2162,+20.699761,-156.427074
15,009,030303,2,496,+20.671082,-156.436229
15,009,030303,3,909,+20.697722,-156.438154
15,009,030402,1,2451,+20.832200,-156.334058
15,009,030402,2,1826,+20.835888,-156.336863
15,009,030402,3,1655,+20.837088,-156.346348
15,009,030402,4,2720,+20.834499,-156.346241
15,009,030403,1,1126,+20.830138,-156.293514
15,009,030403,2,2143,+20.845455,-156.314331
15,009,030404,1,1452,+20.875043,-156.337510
15,009,030404,2,1772,+20.855984,-156.314353
15,009,030404,3,2385,+20.847407,-156.325454
15,009,030501,1,2036,+20.910145,-156.375549
15,009,030501,2,653,+20.925065,-156.368764
15,009,030705,1,1279,+20.778865,-156.447250
15,009,030705,2,2512,+20.776707,-156.449688
15,009,030706,1,2430,+20.778323,-156.457676
15,009,030706,2,18,+20.783110,-156.465029
15,009,030707,1,2514,+20.769765,-156.455640
15,009,030707,2,668,+20.755970,-156.458142
15,009,030707,3,2683,+20.754838,-156.451733
15,009,030707,4,2144,+20.761590,-156.454771
15,009,030708,1,2068,+20.737311,-156.450280
15,009,030708,2,841,+20.741503,-156.455468
15,009,030709,1,1296,+20.728340,-156.446937
15,009,030709,2,1258,+20.717133,-156.441679
15,009,030709,3,1173,+20.723692,-156.444353
15,009,030710,1,1560,+20.709111,-156.439658
15,009,030710,2,881,+20.712068,-156.442934
15,009,030800,1,3090,+20.933774,-156.512971
15,009,030800,2,3817,+20.862215,-156.506735
15,009,030901,1,829,+20.890888,-156.507272
15,009,030901,2,891,+20.887592,-156.507358
15,009,030901,3,897,+20.890487,-156.499891
15,009,030902,1,2356,+20.899557,-156.491866
15,009,030902,2,849,+20.905665,-156.483610
15,009,030903,1,609,+20.915552,-156.493120
15,009,030903,2,2439,+20.911310,-156.497076
15,009,030903,3,2034,+20.907100,-156.494293
15,009,030903,4,1399,+20.901015,-156.499489
15,009,031000,1,4828,+20.878346,-156.508869
15,009,031000,2,1034,+20.883469,-156.501803
15,009,031000,3,1808,+20.896684,-156.488217
15,009,031000,4,756,+20.884845,-156.495863
15,009,031101,1,900,+20.890385,-156.475950
15,009,031101,2,3304,+20.876207,-156.485104
15,009,031101,3,1567,+20.880089,-156.486394
15,009,031101,4,2396,+20.864626,-156.493376
15,009,031102,1,1095,+20.885985,-156.482376
15,009,031102,2,1979,+20.881398,-156.481282
15,009,031102,3,2352,+20.879030,-156.477289
15,009,031103,1,1052,+20.871323,-156.477645
15,009,031103,2,1648,+20.875960,-156.471380
15,009,031103,3,3171,+20.868646,-156.472864
15,009,031103,4,1709,+20.872114,-156.469135
15,009,031402,1,1313,+20.898129,-156.681578
15,009,031402,2,1690,+20.890037,-156.682102
15,009,031404,1,762,+20.874321,-156.676249
15,009,031404,2,1171,+20.865160,-156.671466
15,009,031404,3,1317,+20.880808,-156.682764
15,009,031405,1,1241,+20.873072,-156.669907
15,009,031405,2,1767,+20.887374,-156.664313
15,009,031405,3,1278,+20.881004,-156.674989
15,009,031405,4,1205,+20.884505,-156.669389
15,009,031501,1,1291,+20.986920,-156.665475
15,009,031501,2,1077,+20.991266,-156.663131
15,009,031502,1,457,+20.966635,-156.681707
15,009,031502,2,3233,+20.966307,-156.679321
15,009,031502,3,1346,+20.981513,-156.658820
15,009,031503,1,1015,+20.925933,-156.685313
15,009,031503,2,1351,+20.951964,-156.685989
15,009,031601,1,2110,+20.824483,-156.919930
15,009,031601,2,1025,+20.824736,-156.919855
15,009,031700,1,1040,+21.077921,-156.816058
15,009,031700,2,1037,+21.084590,-156.987034
15,009,031700,3,607,+21.086912,-157.013959
15,009,031700,4,1182,+21.095795,-157.015198
15,009,031700,5,637,+21.082758,-156.999004
15,009,031801,1,1132,+21.148743,-157.165749
15,009,031801,2,1620,+21.165337,-157.048463
15,009,031900,1,469,+20.907322,-156.411171
15,009,031900,2,2302,+20.883797,-156.465290
15,009,031900,3,1450,+20.879964,-156.464506
15,009,031900,4,1403,+20.881759,-156.468534
15,009,032000,1,352,+20.802913,-156.505525
15,009,032000,2,642,+20.843455,-156.634787
15,009,980000,1,0,+20.547142,-156.609272
15,009,990000,0,0,+21.244474,-157.098040
15,009,990200,0,0,+20.612842,-156.548680
15,009,991200,0,0,+20.947608,-156.979525
